-1569432 -1035951
-1594197 -1212708
-1926626 -380322
-1827382 -786102
-1638386 -1032740
-1585414 -1046993
-1717866 -548866
-1793852 -383128
-1550822 -912991
-1665938 -1009468
-1441346 -1000015
-1786104 -963418
-1555343 -1089517
-1703002 -1099216
-1917912 -594475
-1848779 -769119
-1813065 -365048
-1808593 -791174
-1711875 -876581
-1835120 -732285
-1859460 -849823
-1932172 -544103
-1742868 -575745
-2005851 -356577
-1573437 -1138350
-1631118 -1113287
-1659976 -642934
-1756305 -436504
-1943240 -90340
-1805840 -939561
-1647344 -786183
-1933901 -174125
-1704646 -131559
-1927158 -439422
-1992280 -157638
-1859350 -781202
-1738784 -701028
-1813940 -288857
-1435145 -1202112
-1777188 -865717
-1765400 -679075
-1596372 -1208739
-1798577 -617937
-1788799 -188424
-1898684 -247060
-1716870 -545020
-1840428 -393542
-1869272 -920267
-1453222 -1118287
-1897624 -175341
-1677036 -1042973
-1651785 -795973
-1743726 -544927
-1915556 -153594
-1726769 -229427
-1819196 -324234
-1803061 -342494
-1679501 -1039708
-1794810 -966239
-1944200 -452541
-1782083 -605533
-1948380 -202841
-1449601 -1156944
-1771880 -366187
-1749344 -623906
-1913992 -186330
-1978698 -499909
-1911553 -438663
-1535034 -1082051
-1773624 -362485
-1781245 -144382
-1773666 -442139
-1891514 -505495
-1663890 -136011
-1884219 -214190
-1932751 -579300
-1644084 -655910
-1639306 -1036050
-1590380 -1222359
-1868991 -536499
-1709254 -429373
-1842218 -171150
-1941901 -424099
-1885809 -70922
-1661283 -1053480
-1889946 -470611
-1494436 -868232
-2015201 -339842
-1886550 -200691
-1862785 -937496
-1903313 -738969
-1876709 -688773
-1624755 -734128
-1611634 -1080761
-1951630 -277390
-1813970 -453251
-1939674 -680224
-1954115 -452504
-1605882 -821437
-1925087 -274013
-1698191 -801984
-1813098 -736443
-1912636 -172055
-1671025 -1051097
-1930747 -544207
-1897725 -523704
-1767137 -324110
-1629149 -1064327
-1767215 -463752
-1518602 -1126849
-1912023 -715868
-1728809 -944284
-1951630 -300458
-1740462 -415672
-1717480 -542474
-1809869 -445142
-1641623 -1071892
-1847136 -832962
-1631389 -1110105
-1703651 -495470
-1932148 -289565
-1696790 -597631
-1838880 -408645
-1695157 -746807
-1609030 -1184788
-1582514 -662610
-1629825 -1059761
-1892506 -123095
-1938153 -705940
-1678517 -894684
-1348671 -1146031
-1966994 -44578
-1777955 -485171
-1708196 -567648
-1949458 -514372
-1639443 -1103152
-1783256 -246700
-1582561 -1033388
-1757762 -412522
-1954604 -219677
-1628328 -823497
-1710334 -1097902
-1985287 -289897
-1926094 -449637
-1729320 -718742
-1885995 -178552
-1985099 -430771
-1902904 -174840
-1833619 -764650
-1740806 -782841
-1984897 -419198
-1901074 -539182
-1925888 -237299
-1899786 -652330
-1668547 -1019496
-1599540 -1204124
-1660829 -1025145
-1897345 -182623
-1757751 -275845
-1939100 -614501
-1674716 -857754
-1746864 -608541
-1802765 -180715
-1794765 -414706
-1815229 -576984
-1958195 -201701
-1851834 -852449
-1686279 -1065868
-1654487 -149999
-1743846 -373594
-1513996 -1111022
-1543054 -1118191
-1441393 -1231741
-1757795 -562779
-1654843 -670349
-1764720 -429690
-1534109 -1157725
-1786954 -342572
-1480159 -1125480
-1749420 -865758
-1871389 -231481
-1632768 -1035055
-1895048 -644568
-1552460 -1211193
-1919232 -139023
-1750291 -437272
-1689993 -1032729
-1872759 -329050
-1975690 -485214
-1578719 -1107184
-1712647 -484394
-1828455 -155234
-1736876 -239733
-1675273 -1025419
-1696031 -1115529
-1753105 -440144
-1810704 -653399
-1733531 -238393
-1947650 -537731
-1651163 -538415
-1682590 -714552
-1949511 -515551
-1602379 -1119635
-1565527 -1168443
-1728264 -417359
-1662031 -648916
-1970781 -498095
-1478604 -1022627
-1642641 -843017
-1931667 -71728
-1636147 -1021179
-1710255 -416510
-1745130 -446312
-1527450 -1026564
-1582158 -758839
-1529107 -787579
-1845158 -881996
-1831127 -641795
-1685841 -565009
-1942580 -316844
-1911758 -396103
-1901683 -278227
-1838101 -504840
-1936512 -569690
-1709315 -326873
-1892208 -127857
-1940037 -521562
-1632636 -697061
-1979434 -457605
-1945215 -308362
-1848184 -569184
-1847144 -317786
-1675204 -1024801
-1809405 -507825
-1677996 -1040547
-1434993 -886713
-1882199 -193680
-1577899 -996833
-1633665 -1070690
-1578089 -834771
-1935184 -180178
-1810254 -757800
-1884837 -619019
-1710544 -520976
-1760707 -383166
-1638761 -1071400
-1914536 -604405
-1451985 -1201229
-1873799 -662108
-1844372 -711998
-1851557 -77101
-1983679 -422048
-1688663 -748738
-1966281 -473674
-1774188 -847074
-1864129 -538219
-1764606 -573101
-1608825 -801017
-1910049 -771382
-1729221 -982976
-1609439 -1146320
-1727778 -591289
-1806278 -634548
-1366959 -1212188
-1888156 -521319
-1814338 -710616
-1695415 -1033389
-1997617 -377428
-1917636 -251570
-1934963 -285862
-1868080 -336359
-1786372 -408910
-1983431 -498714
-1473864 -1107741
-1640450 -842268
-1670963 -1014564
-1748333 -1010685
-1944301 -434183
-1696520 -676631
-1667877 -1029136
-1377299 -1043359
-1756139 -1080382
-1761008 -514431
-1847539 -733980
-1560000 -1028210
-1926835 -478843
-1973603 -477563
-1853388 -253308
-1543093 -1180507
-1853995 -139408
-1804673 -143009
-1868552 -840391
-1516660 -1134212
-1909878 -678192
-1974542 -335911
-1791024 -965426
-1817156 -999180
-1995991 -261454
-1915712 -480522
-1769947 -632153
-1789953 -401448
-1733846 -608264
-1879448 -539156
-1717410 -477550
-1966426 -94645
-1772699 -151076
-1663154 -1054653
-1358507 -1234297
-2029757 -218887
-1633530 -1044530
-1641327 -686085
-1476965 -1078295
-1694611 -714566
-1950788 -338444
-1640517 -708518
-2005503 -255713
-1788688 -586317
-1808575 -388161
-1671648 -1067534
-1861939 -564066
-1702728 -584170
-1860913 -195848
-1927273 -635115
-1811345 -273057
-1700439 -806867
-1890776 -112855
-1679220 -969663
-1795002 -507651
-1905329 -534928
-1761803 -397873
-1560242 -1136867
-1698336 -544244
-1726286 -478314
-1866987 -656005
-1865813 -115653
-1676835 -1019977
-1712334 -1022906
-1958643 -232515
-1876009 -525766
-1957937 -516149
-1828192 -773883
-1860959 -944650
-1619089 -663562
-1588356 -1030759
-1969670 -481179
-1765082 -755692
-1640908 -1031374
-1815376 -654546
-1944103 -544141
-1777352 -393667
-1714096 -1020512
-1926371 -720837
-1711859 -558356
-1861077 -648153
-1660508 -631921
-1627918 -1023929
-1887114 -637559
-1649564 -787490
-1900943 -570315
-1800359 -393173
-1778953 -207904
-1672726 -852017
-1445608 -1223225
-1969995 -317228
-1875577 -754072
-1772626 -372514
-1741190 -491190
-1417596 -917170
-1943176 -185961
-1963111 -200815
-1933575 -491709
-1334598 -1102991
-1961060 -186271
-1813025 -468055
-1591054 -1039695
-1882490 -592459
-1987533 -359635
-1852764 -827612
-1654826 -1015512
-1730948 -1001424
-1333341 -1093504
-1582459 -1132507
-1680017 -296200
-1656765 -712172
-1685109 -699353
-1830303 -284253
-1942818 -419504
-1928384 -532126
-1780033 -429993
-1689809 -661399
-1538416 -1125569
-1942296 -277595
-1808208 -428741
-1573364 -1033056
-1671397 -1022634
-2000398 -251954
-1749988 -644416
-2015172 -250817
-1615169 -736497
-1704320 -716925
-1858695 -176021
-1772076 -419669
-1509628 -800381
-1585828 -873678
-1584723 -1190651
-1745179 -415174
-1639134 -759844
-1828824 -753455
-1896761 -449710
-1627505 -1120363
-1599948 -1199318
-1546497 -1038376
-1698385 -557163
-2001055 -258590
-1658478 -1021072
-1677373 -684103
-1725887 -231458
-1786451 -444053
-1635645 -739802
-1782105 -348873
-1671994 -1036901
-1601699 -812624
-1619399 -999523
-1809392 -308524
-1941793 -521298
-1464134 -1227722
-1689013 -917782
-1899552 -152811
-1702726 -1003366
-1922278 -560788
-1976608 -266324
-1665100 -818639
-1727898 -482615
-1912678 -570921
-1729069 -944161
-1682142 -642537
-1927898 -677882
-1594409 -1207219
-1916680 -556654
-1602693 -1153172
-1911752 -649026
-1954593 -280381
-1500760 -1032226
-1856289 -635356
-1903127 -163319
-1786614 -961039
-1893063 -122444
-1592698 -1042949
-1467664 -1215960
-1713070 -938255
-1760394 -120172
-1713496 -468573
-1811333 -236840
-1661500 -1020031
-1735495 -491276
-1717678 -736944
-1769631 -780418
-1829927 -641079
-1609332 -1189671
-1523891 -1113255
-1660932 -1052197
-1789625 -263346
-2016328 -352766
-1568928 -1180377
-1917706 -135284
-1808159 -298708
-1670164 -1015532
-1915673 -279164
-1657315 -1050486
-1617009 -813668
-1989849 -238968
-1635353 -1034973
-1545290 -1185417
-1702595 -417847
-1917095 -134555
-1832623 -96508
-1458702 -1008862
-1674245 -1010357
-1871768 -256640
-1862318 -213734
-1735415 -962918
-1872313 -539660
-1686175 -711167
-1702257 -370704
-1824738 -374627
-1991354 -339840
-1678221 -981196
-1509630 -983885
-1774446 -358605
-1843700 -474318
-1750420 -164845
-1653132 -1087740
-1865664 -541120
-1895992 -750642
-1731315 -646431
-1758448 -129056
-1909807 -325847
-1942392 -600453
-1802466 -633596
-1931095 -373614
-1645365 -1028576
-1886804 -561750
-1919108 -366160
-1760305 -357903
-1815319 -469475
-1673495 -1065864
-1642720 -1040972
-1873848 -80089
-1773736 -397663
-1734016 -571702
-2015052 -340634
-1547964 -1047218
-1858156 -498333
-1849434 -197903
-1724761 -451199
-1624363 -733073
-1675598 -1037341
-1545452 -1047539
-1652760 -692522
-1944266 -546257
-1781771 -402276
-1909919 -601507
-1916933 -595901
-1706716 -405229
-1923202 -513698
-1366808 -1207959
-1375771 -947787
-1956073 -388423
-1643485 -1058758
-1932060 -523979
-1748849 -361616
-1744367 -126548
-1964233 -431072
-1862176 -207723
-1651314 -1066139
-1875697 -707637
-1993421 -374708
-1813827 -197451
-1603098 -1031420
-1789919 -928879
-1953886 -549571
-1954609 -604712
-1604663 -740674
-1884512 -754827
-1808212 -876288
-1782980 -348481
-1700785 -1015019
-1840909 -732474
-1458536 -1222180
-1322259 -1028909
-1380459 -1228001
-1700353 -1105434
-1686717 -523498
-1766388 -670046
-1821100 -667141
-1694253 -510233
-1657693 -1019440
-1846224 -744046
-1797148 -819464
-1868740 -382518
-1466358 -1212661
-1679073 -593387
-1840477 -198809
-1785868 -208413
-1839811 -338572
-1820415 -358210
-1666478 -1057406
-1995488 -377765
-1786011 -386963
-1812734 -654226
-1712727 -976785
-1451231 -1222312
-1926333 -486180
-1634290 -1004064
-1737047 -570281
-1601723 -1058605
-1570076 -759021
-1577681 -1190663
-1976348 -221626
-1507875 -903308
-1943245 -607370
-1903708 -792149
-1916303 -123316
-1834142 -190079
-1983531 -498621
-1680278 -528117
-1826967 -134821
-1922998 -531682
-1785458 -777445
-1694903 -173264
-1548753 -1044253
-1925616 -104571
-1800504 -334713
-1605466 -1164384
-1831035 -352889
-1817003 -225211
-1897209 -628856
-1850908 -899839
-1721315 -457760
-1930072 -111370
-1595812 -1055804
-1763366 -364974
-1921490 -98584
-1608930 -719450
-1847533 -904349
-1803078 -366045
-1473325 -1086350
-1935616 -538343
-1605656 -741850
-1867322 -860648
-1947992 -531439
-1977358 -431591
-1584556 -1195501
-1964592 -444981
-1725817 -642884
-1640530 -653866
-1949200 -545654
-1518816 -1213112
-1720431 -512080
-1832709 -566634
-1988338 -501122
-1944821 -494462
-1941711 -80640
-1920006 -600471
-1694073 -498999
-1996683 -183380
-1885838 -180964
-1608397 -863236
-1977175 -456962
-1611355 -1146016
-1725326 -523531
-1650878 -767157
-1879628 -538271
-1933706 -542549
-1902710 -724114
-1864375 -754628
-1937924 -357838
-1845945 -590223
-1661964 -1020277
-1758104 -350672
-1914534 -597487
-1945039 -591344
-1757416 -626510
-1711834 -544753
-1750080 -437006
-1820530 -353832
-1994592 -272610
-1722104 -885012
-1782172 -448921
-1696784 -921284
-1775787 -537969
-1993548 -222549
-1668255 -1034021
-1928483 -280353
-1889370 -169437
-1604054 -789419
-1889435 -184657
-1928573 -156467
-1805591 -414003
-2007390 -234427
-1920796 -531871
-1810546 -584218
-2000265 -167348
-1725451 -325924
-1731466 -931730
-1851976 -598332
-1755789 -569936
-1724171 -360991
-1550090 -1038307
-1762449 -435247
-1777004 -556108
-1649679 -1023434
-1714705 -516276
-1967957 -188328
-1689435 -181136
-1934288 -85754
-1552492 -1056036
-1838050 -471453
-1804492 -382139
-1685463 -143517
-1634083 -767267
-1412741 -902080
-1927826 -135330
-1865666 -410577
-2005820 -328904
-1789544 -368738
-1538068 -1177634
-1684433 -563688
-1661018 -1073424
-1734212 -273247
-1942879 -529351
-1717422 -739393
-1919934 -190267
-1851126 -463897
-1622683 -1004508
-1601364 -802242
-1661092 -1046944
-1742525 -287111
-1927919 -355819
-1929001 -75921
-1783280 -471962
-1779857 -401942
-1516395 -1048302
-1567344 -973147
-1654550 -1056999
-1849608 -509270
-1663465 -831929
-1667427 -1018287
-1993123 -262774
-1963906 -504478
-1795631 -419652
-1672056 -1020812
-1759581 -472213
-1745140 -900162
-1784710 -957071
-1737076 -438550
-1715993 -993325
-1753329 -351882
-1662480 -611491
-1665542 -1017024
-1648191 -1067288
-1675516 -615363
-1838800 -434579
-1772997 -924393
-1684292 -122610
-1667895 -1032170
-1952070 -374001
-1854970 -510475
-1946458 -367265
-1671758 -666190
-1663701 -1034576
-1633006 -702950
-1674779 -1039421
-1699072 -692368
-1848802 -938802
-1808395 -505585
-1780351 -493790
-1748267 -377717
-1672672 -1063641
-1746390 -974250
-1905606 -447646
-1910552 -770255
-1696173 -844243
-1927173 -144823
-1609063 -1186136
-1912384 -205036
-1773469 -1015947
-1770490 -222400
-1636804 -1009181
-1841501 -477832
-1918416 -533623
-1445355 -1191515
-1911415 -666343
-1871243 -549305
-1853684 -518181
-1717629 -738707
-1929459 -600722
-1983236 -195558
-1891815 -526892
-1938187 -392230
-1622008 -1045002
-1671723 -851863
-2089711 -1065667
-1652592 -910763
-1720216 -327748
-1547004 -1032726
-1962452 -438573
-1797161 -356844
-2017564 -241615
-1668798 -1045670
-1793403 -311056
-1813551 -105993
-1691697 -764762
-1648973 -1087752
-1767695 -458338
-1900956 -175862
-1858750 -735359
-1804661 -149345
-1758308 -463723
-2017304 -389673
-1988835 -443809
-1447070 -885725
-1820397 -465821
-1652190 -570647
-1796255 -386736
-1790214 -379652
-1607297 -819606
-1737768 -461824
-1369310 -890073
-1725072 -421529
-1704821 -412650
-1813072 -389439
-1748794 -122484
-1651494 -1091379
-1663107 -720314
-1867435 -628481
-1814625 -571176
-1904146 -728643
-1622795 -1043382
-1670603 -168158
-1770233 -546265
-1933815 -675188
-1918495 -333173
-1863550 -758554
-1781798 -811448
-2006722 -328439
-1380673 -1193820
-1674583 -583328
-1744467 -395441
-1812896 -522448
-1940733 -346797
-1937941 -594559
-1807409 -123919
-1941393 -563181
-1867424 -544121
-1549156 -899598
-1583256 -1150205
-1842952 -481207
-1942894 -562764
-1925327 -617045
-1874074 -136383
-1792569 -508344
-1722452 -684017
-1993850 -229425
-1737188 -685465
-1688702 -718405
-1819653 -774715
-1774340 -173755
-1799919 -908098
-1774199 -664754
-1777255 -338193
-1927233 -533799
-1852625 -634036
-1927996 -679945
-1689245 -961553
-1617106 -1032684
-1933777 -578083
-1684000 -1021872
-1647462 -980703
-1723400 -273197
-1876513 -155131
-1783491 -402212
-1995155 -337673
-1928699 -591527
-1861162 -189013
-1670920 -1032327
-1792294 -160421
-1665118 -200134
-1788088 -819831
-1720802 -555590
-1892445 -522728
-1681890 -754034
-1820992 -756867
-1771694 -969026
-1827247 -692783
-1930018 -109336
-1720270 -447170
-1652940 -735427
-1911246 -676927
-1763901 -798511
-1911062 -739456
-1930687 -277639
-1762370 -501913
-1521830 -1092708
-1677879 -864971
-1480014 -1087295
-1708261 -958708
-1671839 -1049780
-1795777 -396892
-1673485 -1037332
-1912689 -617228
-1512029 -1183456
-1757821 -509793
-1933621 -311694
-1980594 -430524
-1749433 -800367
-1952086 -415012
-1674363 -618536
-1864762 -261106
-1945710 -535627
-2010280 -348629
-1586186 -1195610
-1995630 -183246
-1806739 -657478
-1664572 -1055514
-1944933 -413467
-1851963 -817172
-1604067 -692318
-1936945 -474491
-1998293 -175388
-1653150 -986768
-1685496 -1052751
-1741496 -705092
-1805323 -659309
-1946117 -268819
-1793499 -329409
-1917106 -655299
-1603132 -1194980
-1476410 -1076264
-1917097 -591092
-1912558 -549699
-1865457 -820267
-1900197 -295482
-1918537 -507606
-1740479 -994950
-1794788 -211303
-1764861 -471858
-1588685 -662670
-1943171 -171203
-1690727 -1060928
-1609005 -872064
-1794051 -204569
-1641437 -1100106
-1935607 -478354
-1794520 -110126
-1726705 -607904
-1776916 -555202
-1653961 -767504
-1517473 -822520
-1858398 -266480
-1790229 -914130
-1550147 -1057300
-1748149 -631357
-1910404 -449086
-1574538 -1048490
-1750986 -468312
-1694830 -199431
-1616870 -721294
-1976146 -440361
-1702546 -568893
-1943209 -219029
-1919631 -424160
-1795928 -410159
-1922026 -312575
-1637807 -673474
-1747185 -616131
-1823142 -460916
-1768479 -424548
-1715916 -647703
-1957972 -235151
-1808801 -922985
-1715927 -369242
-1804502 -360420
-1751740 -321783
-1770226 -496802
-1942417 -447326
-1745591 -374684
-1765865 -394797
-2002812 -334710
-1905164 -638293
-1656719 -1071860
-1687467 -518494
-1765235 -438283
-2002612 -364685
-1671323 -749355
-1657077 -779531
-1755821 -378975
-1679535 -1027769
-1931834 -272474
-1507945 -1220457
-1808287 -740206
-1765697 -623078
-1788465 -629811
-1800479 -204196
-1921557 -553930
-1717846 -873577
-2008179 -271047
-1957099 -519583
-1733855 -680403
-1492739 -1114132
-1949551 -463241
-1844386 -98618
-1778642 -935519
-1780598 -694927
-1666009 -1042042
-2019978 -215545
-1648623 -933182
-1906464 -111868
-1787032 -640154
-1669877 -173993
-1516490 -1157510
-1823936 -828579
-1558166 -949988
-1826286 -475865
-1953863 -168554
-1774992 -469129
-1700773 -1024779
-1769654 -334603
-1920673 -537416
-1680781 -1002385
-1532846 -1105657
-1782800 -356405
-1890212 -136393
-1704909 -914511
-1537640 -1157498
-1978256 -232276
-1658755 -709075
-2012517 -185002
-1872086 -695050
-1736877 -443214
-1683615 -1029049
-1395678 -955644
-1795000 -966766
-1900031 -437191
-1661319 -1041645
-1914200 -371464
-1809728 -315778
-1991974 -319844
-1480908 -1182210
-1718881 -624173
-1565498 -776538
-1903274 -671123
-1606238 -1071954
-1338346 -1120905
-1859073 -148903
-1843264 -634679
-1774787 -518744
-1675759 -1053031
-2016340 -239122
-1668591 -1036953
-1977491 -339521
-1951792 -189893
-1746240 -558342
-1600002 -734664
-1922335 -425725
-1709555 -1097949
-1900809 -145528
-1679528 -1031189
-1858535 -190019
-1796201 -963361
-1651246 -134075
-1853541 -88429
-1522633 -1094909
-1769102 -370640
-1736400 -256157
-1793527 -966196
-1607942 -1052436
-1940648 -220598
-1726113 -976010
-1828522 -758391
-1679086 -296018
-1650045 -1000105
-1862394 -281971
-1696591 -796665
-1840750 -525474
-1690413 -292489
-1749646 -164505
-1979015 -450313
-1932186 -692637
-1852795 -152739
-1843545 -223454
-1985413 -418724
-1799931 -328654
-1797260 -460980
-1894567 -224142
-1785051 -911555
-2018073 -244164
-1934639 -629954
-1680062 -132836
-1812277 -363457
-1925768 -232273
-1726683 -336646
-1904655 -516267
-1696265 -1013752
-1650342 -1072543
-1811264 -772690
-1612200 -1023209
-1821383 -179684
-1890681 -563664
-1762659 -286866
-1571271 -1192901
-1746653 -829116
-1807281 -431364
-1578809 -1199120
-1464634 -1221106
-1832603 -621286
-1852808 -76415
-1659990 -1032224
-1654228 -742949
-1761862 -390250
-2004625 -405408
-1947971 -462041
-1578354 -1155992
-1846792 -483332
-1662704 -863958
-1708638 -869641
-1917531 -594965
-1967832 -134375
-1847037 -874089
-1757643 -991986
-1698805 -1005864
-1585256 -1043744
-1939265 -574827
-1677829 -182550
-1690208 -526196
-1908660 -589203
-1911826 -154207
-1858509 -525574
-1903846 -271552
-1911630 -597439
-1545231 -1079340
-1772215 -311323
-1948651 -82114
-1909387 -529113
-1391683 -1097426
-1800833 -581681
-1653720 -691601
-1894982 -560313
-1843502 -220105
-1915087 -410674
-1840450 -525875
-1642295 -657022
-1794732 -617024
-1518262 -1138017
-1531918 -1160674
-1893387 -147278
-1822104 -354856
-1883491 -319518
-1615434 -768641
-1919598 -64364
-1703664 -757160
-1744840 -637793
-1663800 -748416
-1816994 -594160
-1788951 -406049
-1572704 -1221020
-1770590 -370059
-1365169 -985628
-1910132 -246125
-1659515 -536021
-1822915 -189565
-1501000 -772839
-1935922 -469579
-1743309 -454496
-1522611 -941262
-1867328 -542411
-1834940 -539051
-1510016 -1162135
-1910167 -524581
-1821991 -317385
-1352741 -1155181
-1685449 -1003658
-1750538 -763266
-1944733 -236928
-1722054 -742210
-1784566 -339699
-1871961 -742196
-1682514 -771218
-1991510 -169839
-1939397 -685831
-1596569 -1055109
-1669339 -585211
-1858715 -600796
-1551320 -1198559
-1696945 -1014424
-1834131 -720825
-1994759 -436901
-1762692 -440156
-1843144 -338659
-1825753 -467842
-1887906 -637284
-1849211 -105010
-1764985 -348650
-1963308 -346566
-1923389 -551557
-1603728 -1048273
-1725522 -573474
-1606268 -1175939
-1752296 -614643
-1641757 -857545
-1945287 -382980
-1763973 -385079
-1910576 -727166
-1852623 -714616
-1843825 -877286
-1802231 -633560
-1819829 -454948
-1912180 -680468
-1656809 -208166
-1573270 -681526
-1806886 -350192
-1837895 -407945
-1674760 -1046955
-1935045 -248539
-1852122 -627592
-1682193 -1035347
-1651691 -1028467
-1622771 -978755
-1446675 -1182866
-1700639 -819123
-1615161 -1042636
-1564653 -827801
-1734092 -409504
-1818523 -454747
-1603803 -1179661
-1781946 -371899
-1365147 -1092246
-1708528 -999362
-1640400 -988729
-1940645 -189216
-1852305 -720558
-1984919 -162663
-1992226 -329189
-1762639 -582713
-1563930 -1036232
-1957092 -227906
-1838474 -685460
-1553283 -1038602
-1780377 -466425
-1597438 -1033654
-1752289 -614613
-1740839 -586508
-1743311 -429628
-1514146 -1122567
-1771493 -391953
-1940155 -400792
-1701892 -708231
-1532543 -1197772
-1604012 -1092077
-1388907 -1195835
-1722311 -393616
-1774157 -368032
-1648746 -665427
-1653348 -690192
-1669267 -1066031
-1745491 -143906
-1555564 -1054623
-1527810 -1159848
-1670438 -615830
-1915883 -591165
-1867628 -637161
-1705093 -657954
-1813043 -180809
-1972828 -453876
-1745417 -167733
-1686686 -1049228
-1988125 -295713
-1603221 -1205637
-1532001 -1017329
-1861408 -640977
-1647317 -1009462
-1786874 -362756
-1637325 -788628
-1861684 -176464
-1608360 -1203919
-1769280 -114065
-1748496 -370502
-1621446 -690605
-1685528 -593697
-1808491 -505880
-1711438 -633088
-1862243 -294064
-1674802 -679707
-1673329 -968411
-1781558 -244645
-1908226 -530752
-1957586 -297609
-1608463 -1099190
-1691758 -746520
-1652453 -1038769
-1581150 -1158981
-1663556 -1046880
-1560118 -1093589
-1908399 -664774
-1751705 -178352
-1516630 -1217493
-1658291 -629956
-1652995 -1050666
-1817307 -377912
-1795433 -926089
-1919102 -53542
-1728132 -779490
-1683330 -567654
-1899587 -489396
-1932478 -273681
-1659712 -635768
-1693584 -722607
-1784142 -397576
-1889658 -157936
-1535369 -1209914
-1693028 -1014223
-1654002 -825878
-1731264 -1023045
-1615569 -981504
-1740052 -566788
-1474140 -1131437
-1859946 -216185
-1987799 -228620
-1737921 -416383
-1535795 -1049710
-1920789 -665398
-1967218 -350936
-1924420 -592022
-1817106 -708765
-1866148 -587558
-1940562 -583364
-1872861 -172162
-1661376 -791765
-1381977 -1006554
-1678077 -572483
-1740263 -254437
-1908809 -543027
-1786337 -955189
-1621013 -1104757
-1744410 -1013939
-1805611 -278646
-1788176 -227001
-1927742 -285786
-1479446 -1223783
-1728906 -417389
-1698138 -157992
-1574791 -1193261
-1907926 -384063
-1844349 -472343
-1791815 -205438
-1863725 -519676
-1639315 -680664
-1789220 -556873
-1903663 -126796
-1602941 -1096054
-1651097 -660940
-1532407 -1195913
-1686058 -1011598
-1916424 -587477
-1429148 -1081764
-1942194 -274997
-1731906 -180152
-1747223 -562191
-1567821 -1093312
-1453189 -1215554
-1941711 -208168
-1407144 -949483
-1953884 -233863
-1986900 -246006
-1692998 -1025378
-1854159 -395705
-1627869 -750697
-1687312 -1066336
-1671401 -1046048
-1991159 -284502
-1707890 -958411
-1950026 -89354
-1653794 -1072556
-1546491 -1094581
-1765879 -494803
-1839160 -97588
-1740128 -434892
-1920576 -716156
-1992995 -439489
-1776850 -527926
-1648188 -1051296
-1844602 -475266
-1936141 -474458
-1663660 -543869
-1939747 -81333
-1697459 -771752
-1691838 -510119
-1714208 -892051
-1715623 -359190
-1628989 -684226
-1893545 -277087
-1706936 -211651
-1675794 -833478
-1607064 -1187052
-1795263 -331319
-1799854 -523204
-1931725 -492452
-1922581 -226294
-1812763 -501106
-1593073 -1046089
-1923114 -549571
-1733956 -196245
-1816526 -655917
-1728355 -351551
-1546066 -1200356
-1893006 -442459
-1984255 -204496
-1798378 -267006
-1646332 -718092
-1766428 -743401
-1815370 -778470
-1715967 -954093
-1850328 -427447
-1814686 -803454
-1950542 -462281
-1946102 -456785
-1753902 -571463
-1733514 -350742
-1871226 -554325
-1673986 -586945
-1640870 -1061470
-1653093 -1032495
-1810240 -890423
-1508140 -1083831
-1920660 -489471
-1437804 -1236002
-1930502 -535151
-1774050 -315790
-1597227 -1022111
-1976950 -434527
-1834065 -740647
-1724923 -515316
-1805265 -265782
-1753728 -875873
-1908455 -588679
-1898508 -791200
-1646541 -1009473
-1975048 -427856
-1760938 -985532
-1822182 -199041
-1783122 -402501
-1789942 -393931
-1680422 -523901
-1907517 -673363
-1672500 -705448
-1922921 -594686
-1757004 -110580
-1813972 -704152
-1811125 -149355
-1648011 -1077185
-1993323 -229878
-1868168 -365900
-1929861 -580900
-1328866 -1074773
-1857697 -635244
-1953011 -262961
-1443402 -1186295
-1735638 -411804
-1935719 -624540
-1946896 -83203
-1738561 -316282
-2007709 -184005
-1745246 -482099
-1823112 -597068
-1974164 -494899
-1906615 -522366
-1910195 -251714
-1688652 -670179
-1955095 -151978
-1703736 -1022910
-1392871 -909371
-1760166 -184777
-1920666 -625746
-1891161 -458220
-1710339 -249440
-1797881 -498692
-1824382 -901813
-1724916 -677269
-1751020 -585933
-1859298 -120128
-1872928 -118974
-1930734 -585589
-1731431 -417230
-1963181 -383582
-1928234 -350550
-1832202 -509228
-1717645 -308772
-1666261 -718314
-1904157 -161330
-2022136 -202518
-1864612 -843566
-1548149 -1049103
-1737213 -192455
-1862126 -481466
-1698723 -778328
-1732766 -172554
-1867055 -657880
-1435323 -932412
-1648439 -880183
-1707940 -420067
-1597076 -1198773
-1666662 -896498
-1433353 -1220241
-1770121 -269733
-1612577 -1140055
-1668573 -614804
-1866464 -221424
-1456175 -1192295
-1676496 -1034865
-1891739 -737714
-1908082 -728789
-1687710 -1009171
-1687044 -1052788
-1521566 -1037414
-1800947 -897083
-1919914 -136513
-1780442 -461563
-1935724 -365332
-1583598 -736497
-1906219 -289911
-1696093 -365204
-1755807 -720245
-1750858 -530438
-1950388 -251429
-1889464 -221754
-1910373 -409414
-1566766 -1199533
-1379628 -1226708
-1566407 -1194037
-1702920 -613415
-1833303 -493321
-1683858 -1002840
-1770477 -546139
-1694225 -585934
-1672484 -1046253
-1526721 -1015148
-1734738 -162920
-1650527 -644972
-1726161 -292777
-1644863 -1060105
-1720929 -775880
-1651890 -1022763
-1864493 -427012
-1690967 -743269
-1871307 -452250
-1698740 -705410
-1910909 -447009
-1545763 -1053589
-1505297 -1060728
-1733403 -621179
-1711972 -167201
-1590638 -1199111
-1814747 -624891
-1663781 -837095
-1891061 -113194
-1838094 -756449
-1782586 -675194
-1524688 -1101267
-1637111 -1061045
-1998864 -285506
-1749034 -623311
-1952699 -368637
-1954902 -584642
-1787971 -960333
-1821778 -366054
-1758361 -965868
-1676731 -570986
-1695521 -799806
-1961187 -269508
-1972984 -209527
-1680408 -1031026
-1790149 -429441
-1957249 -556245
-1608075 -1185930
-1820983 -361921
-1684947 -559864
-1648243 -908146
-1898348 -515063
-1795640 -805798
-1719195 -912433
-1847095 -549014
-1903798 -470889
-1599275 -739170
-1792685 -613062
-1778732 -239188
-1814231 -469665
-1543810 -1082178
-1725351 -941304
-1736573 -261125
-1443565 -1160672
-1741776 -536136
-1738434 -628889
-1707659 -745525
-1720140 -419345
-2009577 -224474
-1930609 -282816
-1902895 -266028
-1735178 -637253
-1983683 -155186
-1768471 -510517
-1889552 -808418
-1788584 -933304
-1509367 -1027626
-1812089 -297804
-1723418 -533020
-1772071 -736372
-1928776 -492405
-1848418 -276825
-1890923 -428713
-1699329 -949858
-2007040 -238150
-1774585 -238242
-1699095 -1101126
-1780060 -511626
-1942915 -588611
-1518734 -1074060
-1811797 -794305
-1580083 -1091239
-1896187 -437515
-1691088 -1049707
-1712476 -877871
-1683253 -606674
-1913082 -646707
-1679257 -511541
-2011398 -183390
-1850459 -79202
-1736172 -544408
-1792984 -958246
-1824049 -786618
-1659819 -239268
-1966600 -441880
-1553797 -1207186
-1910901 -575269
-1719812 -562607
-1445302 -1166153
-1968478 -435677
-1805728 -376502
-1839482 -291502
-1847215 -723147
-1722004 -458612
-1858687 -578068
-1531000 -1165980
-1707844 -651876
-1945746 -536649
-2029378 -216232
-1885846 -182485
-1766366 -509451
-1943541 -338276
-1786046 -420333
-1913668 -531836
-1660205 -137758
-1478225 -1228530
-1770820 -495657
-1753026 -779463
-1953102 -553275
-1884031 -94443
-1595932 -1180176
-1874792 -397429
-2015986 -247604
-1776051 -945931
-1586662 -1160532
-1672182 -661633
-1509381 -1080063
-1810452 -344535
-1758401 -853471
-1992188 -225533
-1768861 -401018
-1749851 -431614
-1675096 -901261
-1825274 -166281
-1853715 -704949
-1673030 -879903
-1907439 -709285
-1975125 -498569
-1907930 -643207
-1841930 -177669
-1631222 -715681
-1687537 -1050906
-1608581 -1098408
-1907798 -82539
-1650465 -965897
-1671982 -600393
-1668772 -553845
-1499691 -1123000
-1558073 -1030150
-1771454 -275525
-1936808 -208059
-1970140 -387556
-1929034 -356600
-1932791 -270282
-1457593 -888141
-1978431 -447179
-1607652 -1007242
-1957364 -507849
-1763501 -393998
-1911610 -600919
-1980514 -438774
-1701493 -507729
-1843116 -936095
-1760665 -730642
-1805906 -125212
-1686369 -1004498
-1738087 -324849
-1794713 -395052
-1967982 -160552
-1967738 -213478
-1910746 -312602
-1538059 -1177887
-1938781 -316616
-1825647 -292465
-1901947 -144123
-1729012 -333673
-1857154 -219595
-1870121 -719571
-1992335 -350751
-1912961 -87699
-1639330 -908783
-1888177 -267321
-1631568 -1034902
-1943723 -249335
-1918345 -587822
-1788751 -333216
-1826552 -585627
-1639376 -1068173
-1735894 -394940
-1611928 -1026172
-1748527 -484857
-1927761 -440221
-1619739 -855152
-1952266 -155368
-1463936 -897197
-1773948 -284226
-1703789 -1029203
-1946020 -177148
-1813685 -370450
-1809028 -863080
-1824370 -405626
-1971057 -435678
-1674546 -846176
-1757695 -317591
-1834627 -329704
-1965543 -461304
-1664440 -210312
-1931770 -406122
-1599325 -1147219
-1900542 -268905
-1650314 -667165
-1985595 -420324
-1566001 -1132113
-1745068 -595466
-1624291 -1039872
-1583419 -1041539
-1728367 -476161
-1685998 -1024087
-1660284 -1033742
-1663027 -642730
-1832044 -208862
-1675933 -679952
-1905775 -772698
-1654987 -1039483
-1530703 -1071582
-1805141 -813924
-1442840 -1235987
-1796825 -519753
-1826862 -85908
-1884884 -381338
-1707567 -331068
-1881509 -591628
-1980600 -376886
-1665548 -724139
-1659128 -743576
-1806017 -961482
-1660428 -1035292
-1473675 -1118019
-1364719 -1185889
-1474277 -860858
-1524574 -1100912
-1778201 -591887
-1784423 -560179
-1951972 -424589
-1625226 -689623
-1915996 -143004
-1772317 -863512
-1853329 -580544
-1945225 -368721
-1642566 -1038128
-1708622 -419544
-1686863 -1035103
-1730561 -277056
-1631680 -656659
-1882646 -584478
-1357085 -1156615
-1482736 -1079664
-1697951 -818220
-1602711 -1192201
-1672576 -676567
-1548747 -1196806
-1735227 -165880
-1985295 -448885
-1904864 -602843
-1926431 -448929
-1759871 -417337
-1972429 -65912
-1654208 -639884
-1951374 -542594
-1633924 -1110199
-1843578 -245419
-1778121 -628222
-1797756 -960285
-1583325 -1041590
-1531420 -1069172
-1869742 -70187
-1963928 -222488
-1855247 -232519
-1798190 -773733
-1799053 -807351
-1917184 -372268
-1830897 -843319
-1948842 -593643
-1704537 -357988
-1739574 -445927
-1914775 -199374
-1736428 -732079
-1680713 -1042036
-1926332 -338633
-1738356 -186616
-1601459 -1187734
-1857594 -632383
-1574329 -1197665
-1928007 -220033
-1609048 -1195998
-1897763 -142039
-1712736 -189187
-1643606 -1049694
-1684899 -217329
-1817581 -181098
-1874326 -839623
-1760369 -849849
-1638630 -137723
-1990151 -356428
-1912919 -206632
-1621993 -1044785
-1927458 -686905
-1721365 -628262
-1699392 -138985
-1634997 -1032016
-1594413 -1221067
-1970274 -97215
-1685178 -1053264
-1917705 -617734
-1597428 -1030404
-1936724 -619242
-1749386 -496842
-1655702 -157326
-1899507 -92772
-1939797 -588119
-1717087 -632522
-1705083 -585037
-1656242 -1046672
-1908404 -589079
-1875825 -454883
-1928565 -365180
-1517312 -1223391
-1844642 -464544
-1742878 -635527
-1628724 -1040472
-1984859 -449303
-1946923 -221178
-1590843 -852475
-1971548 -411412
-1583376 -1175846
-1648159 -765011
-1921909 -559021
-1906401 -108507
-1469744 -1215790
-1704330 -348331
-1672234 -961590
-1886893 -404083
-2014442 -372175
-1830037 -251472
-1587368 -711253
-1743458 -876296
-1793746 -926432
-1551928 -1073985
-1672144 -897708
-1669733 -566308
-1784629 -542955
-1892808 -777467
-1964084 -381441
-1756532 -506820
-1794485 -658047
-1913892 -275077
-1976937 -257645
-1413318 -989494
-1726424 -469285
-1614558 -1138254
-1731865 -171989
-1728495 -455640
-1710804 -287230
-1768951 -391427
-1926149 -727320
-1791357 -846006
-1847552 -184039
-1765697 -763102
-1667353 -1047094
-1682679 -709534
-1568305 -1116464
-1968680 -316446
-1546385 -1032599
-1958627 -241163
-1846878 -631141
-1785472 -263756
-1765098 -371781
-1994244 -324594
-1638225 -1074642
-2002754 -337164
-1760177 -498465
-1759593 -428732
-1790077 -767852
-1927923 -682665
-1910442 -128271
-1862399 -365621
-1477726 -1163979
-1318940 -1040165
-1940440 -61997
-1711097 -664424
-1763980 -366099
-1773912 -431036
-1724925 -964478
-1887818 -274607
-1874433 -477779
-1751720 -759028
-1936899 -685286
-1689420 -512719
-1673826 -974572
-1962048 -376977
-1580610 -1099736
-1602435 -1095435
-1768110 -601400
-1857864 -571476
-1592006 -1031542
-1665747 -1009953
-1877280 -672872
-1793869 -195102
-1905105 -468528
-1925118 -125049
-1916448 -113163
-1911597 -440845
-1743596 -757161
-1835495 -348002
-1557763 -1201774
-1959555 -522023
-1639605 -1075579
-1757803 -570040
-1740568 -727416
-1809980 -407760
-1845175 -861944
-1824979 -237310
-1733259 -573295
-1739316 -734413
-1906921 -271803
-1705831 -547211
-1671053 -886091
-1863691 -351552
-1582064 -1045323
-1975782 -208815
-1992659 -439069
-1787972 -412056
-1769629 -761793
-1920992 -328057
-1923134 -595239
-1975020 -202275
-1928770 -520184
-1602591 -1063694
-1945216 -544379
-1732205 -262170
-1565844 -986180
-1587212 -1215828
-2003932 -191785
-1850994 -523334
-1824794 -372712
-1947085 -559696
-1702869 -117486
-1812765 -564603
-1847587 -495501
-1785009 -958240
-1672101 -896988
-1924818 -277591
-1959460 -65211
-1839476 -734312
-1667102 -1032376
-1666320 -224169
-1926483 -612353
-1541031 -752292
-1964762 -452115
-1931213 -455045
-1942221 -226888
-1807478 -234187
-1697475 -619475
-1901982 -577338
-1701730 -420943
-1958094 -594652
-1688128 -572979
-1527593 -1103397
-1991314 -177461
-1906337 -541642
-1531499 -737824
-1819112 -388660
-1706523 -876514
-2015233 -379085
-1805467 -753499
-1948526 -418749
-1645755 -1079345
-1922287 -562719
-1838534 -515458
-1664397 -837114
-1925627 -600804
-1532047 -1196424
-1846937 -905519
-1737695 -432049
-1884966 -687245
-1647044 -1031627
-1585545 -1109909
-1690166 -989235
-1672413 -771259
-1788058 -461514
-1561221 -1198913
-1762478 -434341
-1979389 -411502
-1827619 -751969
-1350242 -1145914
-1912234 -108011
-1745501 -330184
-1897291 -544945
-1852877 -727936
-1488700 -1150262
-1937499 -520335
-1867809 -105572
-1802910 -386001
-1938939 -573435
-1532455 -1177578
-1795394 -479699
-1859588 -500811
-1882782 -150300
-1956614 -81183
-1893508 -116858
-1790448 -595477
-1859076 -347374
-1933689 -191635
-1971226 -239814
-1731790 -192539
-1921744 -375598
-1823818 -377289
-1919939 -559658
-1664462 -551778
-1566128 -1029535
-1857878 -692209
-1852647 -259300
-1713439 -1001420
-1849675 -509541
-1761320 -125920
-2014169 -343922
-1867949 -920152
-1695116 -1014516
-1637021 -667582
-1842296 -184682
-1643820 -1071768
-1738815 -219154
-1792467 -413222
-1616207 -1136648
-1666436 -655719
-1921295 -715226
-1711931 -828069
-1684235 -541431
-2001131 -377461
-1848321 -309652
-1599976 -1056352
-1511964 -1060105
-1678531 -1044890
-1367274 -1112955
-1658685 -1038804
-1850694 -290949
-1720139 -543609
-1668923 -523282
-1814258 -581851
-1746014 -532293
-1702208 -245981
-1566486 -1035170
-1730778 -425534
-1744217 -188179
-1954285 -581911
-1932958 -360105
-1814590 -83275
-1777348 -203503
-2016940 -350177
-1914049 -631269
-1794776 -961794
-1727244 -641197
-1649128 -1070561
-1741645 -694688
-1336452 -1058451
-1915405 -84431
-1613571 -1024149
-1573816 -994338
-1667559 -754799
-1866060 -71815
-1598321 -1218036
-1737006 -627322
-1830455 -497481
-1905049 -788786
-1765910 -249065
-1724499 -752712
-1942954 -573516
-1868896 -329933
-1712240 -433909
-1604864 -1130059
-1659679 -1042192
-1903667 -606157
-1908913 -57450
-1837482 -810310
-1559056 -770670
-1950246 -536327
-1726794 -638721
-1360514 -1212621
-1639384 -1103954
-1950675 -242382
-1708534 -1095012
-1674414 -1040893
-1847214 -660135
-1887575 -527786
-1585537 -709880
-1626018 -1078067
-1670505 -607084
-1593743 -1172248
-1810913 -1002366
-1932986 -331961
-1809421 -541351
-1905461 -503670
-1952962 -543021
-1725198 -1004642
-1761770 -310413
-1566138 -1045901
-1771731 -590893
-1662231 -1037745
-1664367 -776186
-1740854 -601621
-1666802 -1000225
-1889860 -597846
-1641221 -658796
-1753790 -809197
-1816874 -319579
-1693929 -653508
-1769783 -537220
-1598551 -1063972
-1778840 -373134
-1851183 -719342
-1586709 -1195284
-1641525 -707208
-1749384 -700145
-1763310 -596044
-1620842 -1048062
-1654191 -900108
-1684331 -770575
-1606372 -1073377
-1698724 -535528
-1364676 -1117424
-1664954 -862817
-1479935 -1112327
-1543296 -880759
-1665089 -1046039
-1724108 -1028955
-1610038 -1062538
-1788755 -526065
-1632513 -1033309
-1669850 -893974
-1689445 -830034
-1904359 -276716
-1528411 -746924
-1624167 -1084363
-1860002 -322299
-1480543 -1223074
-1674443 -1065498
-1737127 -1020054
-1892310 -565798
-1663468 -728752
-1611333 -1087577
-1850481 -843238
-1619857 -1012951
-1686760 -742501
-1928934 -458593
-1730157 -669591
-1768061 -346752
-1606627 -729007
-1752591 -224770
-1677092 -883871
-1927562 -585171
-1774510 -332584
-1676183 -135414
-1678381 -603625
-1640728 -1086772
-1946129 -488538
-1791720 -543318
-1669378 -1059713
-1502317 -1140437
-1812869 -659154
-1799229 -692993
-1754639 -273001
-1690614 -146324
-1772958 -126967
-1786911 -323217
-1743330 -1011586
-1737847 -727115
-1434875 -1236819
-1443475 -1225028
-1570096 -1171802
-1565321 -682600
-1637640 -1025852
-1776452 -585415
-1797915 -500897
-1843459 -478852
-1834055 -360382
-1827349 -938217
-1732033 -217017
-1718453 -612500
-1772168 -560536
-1844533 -546061
-1558539 -1218348
-1878083 -439119
-1768834 -535603
-1659555 -182589
-1774298 -434980
-1938226 -686341
-1858845 -124991
-1902843 -108715
-1797955 -776792
-1693142 -751733
-1904113 -322225
-1941792 -563070
-1892709 -230378
-1931107 -636614
-1765796 -416353
-1867542 -916232
-1730437 -360834
-1947152 -537741
-1575346 -1192520
-1858559 -226055
-1761346 -119203
-1772692 -548716
-1721085 -546029
-1656948 -821469
-1436388 -903003
-1904519 -515627
-1649739 -1020511
-1655948 -815950
-1775209 -226188
-1684868 -167188
-1685437 -1070135
-1728018 -361260
-1790920 -795663
-1974626 -385894
-1923700 -261221
-1758986 -246789
-1913467 -616599
-1595528 -1204599
-1918917 -597002
-1666725 -335604
-1880743 -314150
-1928435 -374147
-1619719 -1013044
-1941049 -565984
-1887860 -430141
-1637592 -1067987
-1957089 -126303
-1951156 -618686
-1892890 -122592
-1967848 -304228
-1675426 -745069
-1933590 -267066
-1805720 -383839
-1837267 -151421
-1977996 -442837
-1854532 -198241
-1924469 -550776
-1955383 -348841
-1855353 -839965
-1836994 -762229
-1933723 -523742
-1572877 -795405
-1577052 -1131754
-1941595 -240385
-1769146 -534179
-1775150 -234708
-1830438 -256720
-1443814 -1218321
-1934572 -674340
-1824300 -277836
-1758458 -519496
-1956166 -225452
-1410268 -980041
-1527954 -1145261
-1651187 -846941
-1930994 -526565
-1785169 -418539
-1681461 -1022594
-1646358 -1035095
-1774638 -505642
-1902249 -542082
-1670354 -235333
-1980516 -415516
-1536894 -928026
-1970666 -511639
-1758729 -752899
-1930893 -580907
-2001614 -176781
-1761069 -418761
-1856244 -291699
-1730104 -977632
-1644678 -1061598
-1890880 -728480
-1923374 -704648
-1758137 -604530
-1751922 -864719
-1823125 -467188
-1659048 -828516
-1826610 -701523
-1695651 -999950
-1634367 -1044413
-1834202 -913903
-1782256 -512538
-1846475 -478142
-1931940 -519787
-1680087 -1057963
-1897931 -107989
-2015065 -228628
-1910735 -675971
-2005009 -291300
-1889014 -630307
-1891418 -776451
-1776407 -386494
-1855178 -98688
-1858604 -122370
-1603590 -633957
-1664745 -981304
-1869717 -218753
-1892688 -494543
-1676518 -636060
-1642555 -1027351
-1674978 -1010385
-1453017 -1235774
-1793061 -464803
-1940179 -294396
-1840366 -223601
-1995550 -386962
-1903706 -74197
-1876223 -738302
-1931571 -218953
-1828597 -465352
-1700076 -549793
-1919167 -718877
-1746223 -707869
-1827110 -350377
-1965523 -299850
-1700310 -1029539
-1601745 -1015917
-1879232 -157652
-1964043 -517040
-1814770 -467627
-1729393 -138972
-1659051 -1047041
-1719948 -651898
-1693166 -1030186
-1746041 -709444
-1934947 -251715
-1935440 -634306
-2014932 -333485
-1958716 -466358
-1653691 -689318
-1857664 -870818
-1831751 -652176
-1593529 -758097
-1468687 -1221383
-1795842 -290630
-2017354 -198971
-1747979 -384401
-1915594 -332739
-1356415 -1058666
-1703744 -577924
-1773838 -373289
-1765971 -324192
-1674682 -775822
-1951579 -334389
-1703254 -764639
-1907034 -138113
-2004139 -248834
-1690827 -738211
-1432987 -1028534
-1701333 -406991
-1664759 -869174
-1985087 -334456
-1453162 -1215716
-1787516 -636257
-2027379 -223276
-1813601 -380867
-1916326 -555141
-1723617 -1028718
-1868018 -640364
-1689190 -573298
-1722842 -419209
-1947280 -379559
-1794929 -396827
-1814384 -347019
-1533621 -1198220
-1700423 -168614
-1427877 -1224529
-1949207 -552460
-1786539 -910783
-1645477 -683766
-1659794 -1014868
-1931449 -291389
-1341603 -1128886
-1790782 -337083
-1733824 -346298
-1729810 -546273
-1712702 -380632
-1747671 -857168
-1708403 -607339
-1523724 -1157319
-1961524 -309594
-1982461 -335622
-1767119 -478365
-1711097 -664424
-1831065 -308010
-1625354 -1047827
-1571194 -1039751
-1922077 -162031
-1669017 -216112
-1747641 -374413
-1578505 -1198143
-1767429 -594533
-1935546 -398742
-1546774 -1145079
-1747566 -183099
-1638429 -1034596
-1834157 -307969
-1753928 -107901
-1818349 -752065
-1791383 -899302
-1509609 -1109808
-1903606 -516554
-1726992 -472888
-1858483 -633787
-1650862 -752645
-1763328 -569614
-1908832 -455687
-1939365 -686322
-1600471 -1201352
-1497039 -799997
-1893402 -735258
-1814415 -401048
-1573884 -1055848
-1738325 -574472
-1820680 -211474
-1645021 -1075617
-1926509 -383137
-1654744 -645902
-1719960 -995847
-1943938 -58844
-1527907 -1167689
-1751834 -996258
-1687130 -1007559
-1751983 -559339
-1984404 -329204
-1947294 -619301
-1903935 -622228
-2007666 -272602
-1778950 -547222
-1961235 -182542
-1894064 -122020
-1948420 -550357
-1944001 -528457
-1802132 -626542
-1655427 -742771
-1775125 -928086
-1884224 -529145
-1658924 -1044223
-1953447 -266306
-1858034 -393293
-1643419 -986933
-1677988 -532562
-1626697 -865535
-1771337 -207996
-1706496 -231679
-1580975 -1203151
-1816685 -811258
-1868604 -805646
-1738556 -128821
-1449807 -1182441
-1671025 -734830
-1826503 -139028
-1710962 -605731
-1788013 -644098
-1933633 -605535
-1672505 -921344
-1842859 -829948
-1742556 -211150
-1987125 -500694
-1616822 -1027059
-1851639 -320515
-1684077 -645233
-1657241 -684872
-1433927 -1232543
-1952722 -539247
-1981764 -157630
-1594810 -672004
-1759555 -597845
-1772874 -418916
-1872187 -545836
-1947376 -366288
-1655263 -1013613
-1960710 -450589
-1716002 -924727
-1449426 -941215
-1777229 -368255
-1575387 -1192606
-1587252 -1218148
-1967998 -164064
-1896046 -307501
-1712976 -1002349
-1984089 -449396
-1775478 -489591
-1685949 -689318
-1932034 -524566
-1836350 -526701
