-1732487 -594830
-1945583 -320088
-1808296 -940368
-1788477 -374678
-1938895 -242185
-1887490 -151009
-1673058 -741133
-1732700 -243240
-1727814 -593325
-1739717 -713177
-1953005 -541621
-1989591 -380573
-1604054 -789419
-1550214 -1094681
-1601723 -1058605
-1910857 -424974
-1766741 -433724
-1808979 -625342
-1710872 -710720
-1963328 -418806
-1838675 -649044
-1699897 -489680
-1720661 -583992
-1949101 -303176
-1749878 -452699
-1766524 -557863
-1718261 -740818
-1935169 -475313
-1820499 -588254
-1746355 -752481
-1759872 -952708
-1931456 -578947
-1968882 -294931
-1871468 -522613
-1533872 -1214418
-1900479 -64980
-1661137 -840770
-1703314 -132167
-1734996 -363355
-1584121 -1028361
-1536843 -1033872
-1692623 -1037210
-1731769 -579766
-1952179 -534881
-1754324 -552802
-1521568 -1223257
-1962114 -48797
-1940057 -143741
-1903870 -614464
-1730987 -462635
-1770547 -207146
-1789259 -782861
-1809221 -959564
-1852555 -729396
-1682725 -879294
-1500432 -794122
-1847884 -473841
-1715455 -424140
-1958096 -438883
-1693307 -675003
-1833035 -469445
-1680122 -1034222
-1744222 -575792
-1753180 -196605
-1650715 -1035826
-1628837 -744830
-1375672 -1242573
-1981056 -462316
-1729093 -538042
-1739096 -975527
-1570560 -659696
-1468909 -944759
-1809901 -665605
-1646247 -1031673
-1936959 -497508
-1545206 -1046895
-1801986 -490982
-1612281 -1072324
-1912977 -454469
-1548626 -1039677
-1679822 -503199
-1761574 -355742
-1597533 -1045597
-1721030 -446019
-1840271 -157561
-1458361 -1207883
-1873897 -924116
-1910106 -645290
-1961524 -309594
-1564703 -1081974
-1834457 -713222
-1572596 -1024382
-1901441 -711550
-1772471 -867933
-1823170 -772556
-1824910 -432023
-1996692 -384354
-1653585 -667013
-1650814 -767457
-1603479 -1166937
-1494110 -1118173
-1881257 -411740
-1828368 -581915
-1905922 -137466
-1523375 -1161223
-1792120 -912338
-1694919 -754976
-1917809 -115034
-1614566 -1106996
-1716721 -486391
-1967726 -374193
-1851572 -782866
-1935100 -279565
-1891901 -543769
-1722558 -202882
-1699008 -715441
-1745213 -747018
-1957901 -440492
-1933885 -289061
-1414020 -997658
-1922194 -599553
-1827536 -629518
-1553969 -1014625
-1864180 -858504
-1741788 -373930
-1849171 -267313
-1968213 -265801
-1782463 -892980
-1886537 -167047
-1451755 -1197885
-1790749 -407697
-1932163 -302136
-1763806 -905041
-1632210 -689468
-1950246 -536327
-1580537 -1132176
-1943176 -185961
-1753503 -932656
-1779057 -844560
-1592224 -1045857
-1655101 -1023771
-1631790 -1113934
-1772940 -298425
-1949107 -533935
-1692373 -345190
-1848339 -399932
-1877419 -768328
-1794263 -214833
-1853560 -706238
-1884966 -687245
-1916725 -649294
-1944301 -434183
-1914689 -240203
-1832166 -391750
-1717790 -1014255
-1825952 -359002
-1890104 -184561
-1861785 -918345
-1639921 -767255
-1684112 -970312
-1900625 -539981
-1908586 -310986
-1603778 -1128140
-1918253 -653158
-1685896 -861622
-1677224 -1038059
-1963238 -234657
-1799631 -350941
-1622860 -763276
-1738660 -703897
-1676841 -1061556
-1683654 -551368
-1645733 -1031437
-1649148 -1087019
-1711230 -572434
-1431498 -1220987
-1788180 -784785
-1849336 -296815
-1354745 -1006856
-1584437 -737550
-1608396 -1079358
-1583193 -1073697
-1677388 -1048528
-1717433 -470954
-1843092 -735213
-1898741 -138506
-1843739 -475079
-1318246 -1094196
-1489788 -782845
-1987630 -324708
-1662290 -960979
-1776020 -324017
-1562900 -1195998
-1702928 -340898
-1753706 -260382
-1645730 -755558
-1879198 -387919
-1713784 -513754
-1787591 -483584
-1875339 -926850
-1927343 -91818
-1760779 -574637
-1751289 -106716
-1983406 -451407
-1961506 -60014
-1677373 -1051664
-1950670 -597294
-1878502 -602265
-2002445 -373338
-1871122 -707516
-1681177 -615966
-1880731 -665609
-1669253 -1035668
-1957721 -56807
-1855098 -636277
-1969827 -260578
-1927967 -538077
-1717620 -258283
-1744715 -600060
-1749989 -902265
-1976348 -221626
-2001293 -364102
-1673267 -1017569
-1650342 -1072543
-1578127 -665929
-1797713 -564184
-1895669 -690515
-1666814 -731478
-1710828 -936642
-1960557 -501583
-1741609 -791631
-1705595 -1106044
-1917467 -174596
-1941372 -365977
-1812962 -492513
-1670111 -222633
-1643909 -1029524
-1757688 -1004707
-1968213 -157486
-1691758 -746520
-1918208 -78679
-1568247 -1215812
-1949714 -460157
-1828921 -814755
-1556191 -759094
-1729879 -416758
-1685232 -678629
-1965902 -147048
-1825963 -180667
-1893552 -256206
-1764686 -924711
-1650057 -1022561
-1907994 -530623
-1526430 -830555
-1932766 -427822
-1815135 -637732
-1743846 -373594
-1844482 -476682
-1823474 -457550
-1929553 -582982
-1769102 -371540
-1818697 -739831
-1579417 -1046755
-1761202 -413721
-1727368 -180034
-1721633 -740144
-1761167 -672900
-1697639 -649055
-1903848 -291948
-1809984 -283486
-1905755 -540513
-1909184 -580275
-1606123 -1040633
-1821880 -905392
-1960730 -455856
-1931724 -636349
-1843155 -729980
-1846767 -479222
-1663014 -984884
-1940876 -47554
-1765700 -971549
-1727431 -224014
-1454133 -955159
-1925192 -254594
-1904545 -185425
-1828847 -589072
-1808788 -760785
-1565537 -1215128
-1927761 -440221
-1817618 -354939
-1951357 -543309
-1641890 -1054362
-1963884 -271958
-1545339 -1185848
-1755906 -224178
-1868444 -375922
-1706804 -571403
-1647358 -1037187
-1958657 -594689
-1794767 -827733
-1459229 -1076632
-1980755 -141772
-1550716 -1045492
-1761996 -366038
-1933723 -523742
-1605732 -1142141
-1715760 -789894
-1706983 -748040
-1876066 -333230
-1943043 -181449
-1894129 -794422
-1979230 -424215
-1858630 -251418
-1962396 -320044
-1909944 -468155
-1706548 -361679
-1777814 -265425
-1745449 -555980
-1450498 -1227871
-2015995 -395453
-1854241 -320990
-1582513 -1119609
-1997856 -170110
-1886135 -529014
-1650931 -726511
-1690497 -1066707
-1802571 -338795
-1550528 -1202050
-1507875 -903308
-1689044 -992591
-1832530 -667577
-1829655 -155090
-1816618 -639563
-1758451 -357069
-1763847 -271851
-1456658 -1184363
-1681503 -593701
-1900910 -141505
-1933003 -340247
-1841662 -79501
-1960872 -381497
-1827147 -137617
-1957315 -591677
-1801066 -549090
-1953213 -548114
-2003255 -297357
-1878135 -259593
-1828180 -515653
-1764149 -295960
-1510275 -1127539
-1847754 -247193
-1689207 -234101
-1807301 -400882
-1894919 -474982
-1579095 -771640
-1924035 -392150
-1647018 -130690
-1971942 -372479
-1658804 -746383
-1913347 -535920
-1726782 -722856
-1856428 -89118
-1951508 -563366
-1999963 -329387
-1684552 -1035014
-1834884 -249743
-1656165 -669502
-1671401 -1046048
-1707565 -491501
-1826381 -302971
-1705187 -1107052
-1668536 -991484
-1834543 -618026
-1729509 -661899
-1655239 -1076289
-1572659 -1033171
-1638341 -1047636
-1864648 -395865
-1932449 -578996
-1886090 -135454
-1794946 -478660
-1652083 -547696
-1708295 -424523
-1615890 -1043334
-1663106 -1016926
-1670167 -1049229
-1902185 -499962
-1734081 -585140
-1711201 -1006460
-1731000 -613145
-1802579 -617687
-1949705 -517660
-1543444 -1141653
-1917888 -608385
-1757934 -811356
-1962799 -516003
-1586056 -1067711
-1785361 -816383
-1925661 -532332
-1907967 -549151
-1919102 -53542
-1526597 -1144239
-1660584 -859550
-1989288 -137164
-1895912 -453847
-1434745 -1236498
-1990878 -249428
-1818523 -454747
-1947978 -551674
-1925252 -683481
-1765486 -750044
-1777347 -640505
-1808414 -403802
-1667881 -620351
-1723763 -908232
-1930997 -704688
-1922006 -267127
-1937594 -679309
-1758489 -633339
-1858372 -769517
-1698902 -254307
-1698675 -836485
-1655029 -749598
-1717137 -479026
-1884976 -601404
-1927364 -101086
-1755742 -308879
-1924081 -540215
-1836533 -527455
-1841831 -465361
-1651226 -1037802
-1990522 -164730
-1732355 -855437
-1834680 -477141
-1714848 -655360
-1734904 -992109
-1723358 -871214
-1690247 -1036535
-1431731 -1207847
-1776670 -387871
-1948386 -539138
-1678979 -565793
-1695871 -1009152
-1789704 -1011648
-1608294 -646304
-1810027 -944311
-2011774 -400568
-1900023 -560652
-1669408 -847532
-1838101 -504840
-1746637 -370051
-1946751 -370386
-1831455 -495995
-1675625 -686963
-1663630 -844364
-1825499 -866647
-1704029 -508482
-1888181 -446402
-1935138 -153309
-1763888 -182776
-1800489 -465466
-1650172 -983053
-1617316 -1068135
-1670883 -1063305
-1545482 -1217729
-1994186 -386487
-1652269 -1038081
-1774508 -288292
-1741837 -109406
-1795631 -419652
-1966326 -192366
-1966772 -230221
-1603319 -896022
-1960337 -386673
-1685280 -836168
-1660727 -1049648
-1688876 -1053743
-1698172 -471914
-1689428 -637209
-2028837 -228925
-1799759 -534581
-1811722 -654100
-1676881 -551047
-1665777 -174815
-1935072 -591354
-1763040 -381437
-1868460 -150809
-1821917 -183154
-2005412 -294399
-1731893 -227473
-1519058 -1157039
-1618977 -1077286
-1650975 -641336
-1722755 -490265
-1993421 -374708
-1869449 -75500
-1661543 -628272
-1892740 -64711
-1735131 -582197
-1888812 -617348
-1856335 -783892
-1861888 -188061
-1549103 -1173778
-1652332 -690489
-1908690 -105651
-1546897 -1162076
-1757084 -357939
-1722820 -176183
-1432747 -1236048
-1810642 -103868
-1802411 -270167
-1973118 -383870
-1447224 -1228820
-1819066 -186468
-1772615 -423220
-1728034 -1024099
-1652428 -1063907
-1455058 -1184850
-1610111 -1144100
-1429891 -1213917
-1651201 -546821
-1702500 -366286
-1499691 -1123000
-1815720 -697984
-1820140 -808611
-1929858 -322304
-1681599 -1006003
-1779288 -658148
-1673998 -1045857
-1469802 -873507
-1670256 -1058983
-1744186 -769798
-1624448 -670227
-1655764 -1049337
-1648297 -1092888
-1705658 -512396
-1921237 -362708
-1817253 -372229
-1682308 -1047664
-1709683 -469488
-1680324 -575933
-1686897 -699602
-1948806 -392878
-1653280 -753587
-1667917 -1031216
-1847037 -874089
-1934020 -130097
-1585373 -1051418
-1996329 -406681
-1870388 -838389
-1885427 -590612
-2011202 -252190
-1553733 -1008240
-1915900 -434057
-1630020 -660535
-1664448 -1037892
-1819362 -185869
-1779627 -658863
-1863605 -202398
-1684397 -306666
-1633446 -693000
-1744141 -792268
-1862355 -931446
-1437518 -1025416
-1795963 -638157
-1947904 -515615
-1699052 -146309
-1699332 -1013603
-1894931 -203231
-1710041 -517137
-1741487 -562307
-1944511 -562508
-1863452 -499579
-1938593 -574755
-1632537 -1043416
-1634177 -626891
-1986054 -363867
-1671099 -1026434
-1929693 -531376
-1726384 -352826
-1942690 -260933
-1688879 -1012584
-1431097 -1216517
-1910054 -748096
-1712994 -578965
-1923299 -722269
-1915237 -537173
-1649013 -1039294
-1622936 -670888
-1625501 -769064
-1801750 -811792
-1752498 -427314
-1669562 -1003573
-1735984 -470888
-1643622 -993723
-1848686 -703940
-1689160 -761981
-1766661 -346284
-1811869 -430247
-1878312 -337641
-1645504 -1063601
-1898109 -763199
-1739885 -322907
-1353721 -1143805
-1756312 -339961
-1918356 -54157
-1976228 -191462
-1663760 -845001
-1542277 -1048938
-1608961 -1189370
-1599925 -1205242
-2004676 -351600
-1673547 -1040324
-2021850 -223317
-1930072 -111370
-1906480 -587703
-1743873 -185502
-1888415 -433374
-1574553 -691996
-1884467 -528822
-1915999 -711116
-1629248 -1056567
-1840199 -858590
-1890154 -175273
-1850699 -542309
-1778976 -352528
-1901041 -82631
-1979748 -291937
-1666176 -1044789
-1838423 -478588
-1745171 -316363
-1403923 -931792
-1643735 -992970
-1883991 -600768
-1445561 -1201824
-1646281 -1039443
-1662322 -1077630
-2001993 -302386
-1651183 -1066136
-1881136 -168643
-1802795 -926605
-1659797 -217768
-1898200 -282168
-1651187 -846941
-1898930 -714781
-1797548 -950407
-1813534 -406879
-1945214 -531926
-1542402 -1172154
-1866221 -829026
-1938618 -361912
-1698855 -782559
-1673943 -1018496
-1452961 -1150510
-1687584 -153795
-1775907 -555778
-1684160 -594597
-1705677 -607519
-1686717 -523498
-1959046 -50951
-1776933 -627848
-1871536 -161752
-1456539 -1214619
-1791322 -487206
-1617480 -1028751
-1976959 -376914
-1471604 -1125073
-1917242 -673520
-1805452 -564983
-1855803 -180826
-1844203 -90763
-1840804 -690786
-1942669 -382761
-1551746 -1210580
-1796386 -373743
-1902477 -126821
-1942304 -235760
-1943650 -529136
-1552978 -1032927
-1587758 -1039152
-1713156 -744258
-1786551 -561719
-1713074 -1024260
-1686840 -495396
-1429986 -1211393
-1707170 -564513
-1913082 -646707
-1632291 -1063561
-1743526 -617193
-1940201 -378937
-1732346 -1017692
-1838159 -215233
-1917524 -596255
-1863682 -433065
-1926184 -448837
-1606942 -850126
-1891268 -122841
-1730235 -460678
-1744741 -220997
-1665049 -230773
-1653532 -717270
-1664685 -206305
-1873037 -716185
-1732755 -739495
-1695884 -244522
-1965563 -337249
-1586122 -835830
-1691958 -991717
-1765650 -492266
-1705272 -426845
-1882646 -584478
-1805104 -386479
-1925880 -532110
-1530296 -1213735
-1643150 -1040089
-1520858 -1174666
-1713758 -762772
-1776477 -456621
-1789456 -592719
-1860243 -508387
-1918095 -737686
-1710882 -432904
-1546141 -1179116
-1912758 -172149
-1688704 -962340
-1904703 -490760
-1919817 -570579
-1847909 -782838
-1941673 -159228
-1917164 -456400
-1761024 -538155
-1713724 -606945
-1904983 -410763
-1687934 -1049869
-1727201 -429961
-1907604 -169636
-1533157 -852412
-1914432 -415833
-1826665 -591049
-1832361 -444733
-1862961 -527888
-1574364 -1041461
-1994759 -436901
-1905227 -300941
-1903352 -571335
-1573283 -1138223
-1919357 -540228
-1897877 -190349
-1782259 -611601
-1670473 -1037520
-1749562 -506051
-1710480 -311022
-1926556 -362324
-1597456 -743885
-1884266 -605194
-1841377 -548050
-1677348 -889682
-1783690 -263656
-1571548 -1202410
-1615255 -937361
-1994781 -295738
-1810301 -784427
-1744365 -453459
-1638817 -992995
-1821008 -284382
-1961393 -444895
-1655507 -719011
-1841196 -302260
-1790078 -312171
-1984340 -149541
-1917704 -515026
-1652099 -1057688
-1706564 -510960
-1760966 -539610
-1724027 -359072
-1546198 -1176275
-1745961 -253839
-1943648 -540590
-1737083 -883009
-1836762 -645308
-1752789 -641043
-1672749 -1066470
-1742299 -354000
-1555282 -776541
-1909770 -539285
-1825595 -734861
-1672867 -1057905
-1622824 -761983
-1631947 -1104116
-1888899 -589520
-1536679 -821118
-1841624 -409804
-1988482 -143250
-1590096 -1204226
-1995488 -377765
-1849041 -764701
-1866357 -223817
-1992931 -439249
-1574911 -1146143
-1725067 -873739
-1826415 -585053
-1798535 -540829
-1752470 -742427
-1603231 -1186141
-1654970 -1050901
-1965507 -42427
-1919894 -601339
-1658002 -1070507
-1750657 -906050
-1407452 -965422
-1981088 -432745
-1945223 -550506
-1909842 -524284
-1909471 -267766
-1912499 -151898
-1643560 -1075078
-1914594 -180603
-1673826 -974572
-1543454 -942835
-1584217 -1188550
-1719722 -862049
-1515072 -1176486
-1697297 -940075
-1623748 -1038377
-1888505 -160704
-1553499 -828901
-1805839 -664491
-1792779 -635026
-1680114 -1006903
-1809999 -283546
-1710773 -489399
-1830319 -284313
-1859761 -901456
-1973180 -117129
-1995915 -312398
-1721839 -520493
-1834967 -854532
-1897081 -138116
-1888365 -65130
-1858642 -98109
-1532945 -1198887
-1931800 -115862
-1556049 -1185635
-1606104 -1102144
-1816454 -667012
-1761504 -462586
-1584503 -1035602
-1768680 -767989
-1945470 -552953
-1640186 -718412
-1879631 -252601
-1707045 -569045
-1791383 -269702
-1577332 -679873
-1824491 -772416
-1868307 -103935
-1685383 -1011210
-1585066 -684512
-1460391 -1233404
-1662143 -1070429
-1791018 -369280
-1922132 -511060
-1812660 -904619
-1687939 -1056830
-1838523 -627510
-1555259 -799616
-1668652 -686393
-1864994 -196047
-1892648 -134772
-1977537 -157062
-1654991 -1046944
-1708277 -126903
-1724394 -433519
-1675420 -835754
-1781285 -169443
-1821261 -567083
-1979178 -178780
-1959037 -161628
-1736588 -869549
-1927829 -540888
-1983670 -166108
-1459961 -1218152
-1596221 -1050575
-1769464 -520004
-1992000 -280608
-1602152 -835365
-1908584 -559030
-1720166 -412708
-1790999 -1013470
-1792445 -411428
-1925077 -170468
-1706516 -607029
-1782839 -323785
-1852162 -498169
-1958854 -208008
-1739772 -559695
-1790603 -403205
-1606661 -1194191
-1621517 -895302
-1661840 -872209
-1700646 -861256
-1836179 -595888
-1925526 -180015
-1805378 -328512
-1723915 -857351
-1951593 -513061
-1973893 -186471
-1933773 -519825
-1937632 -678945
-1682192 -1027908
-1919809 -595729
-1652796 -1026108
-1761545 -129246
-1492300 -867527
-1918200 -605984
-1798096 -332268
-1948323 -174053
-1647834 -1076117
-1856483 -458333
-1534509 -1090845
-1762464 -516848
-1811755 -619507
-1820530 -353832
-1987531 -228701
-1808187 -172853
-1730238 -441015
-1873055 -840939
-1791870 -522057
-1944016 -179176
-1657531 -1044431
-1890919 -200500
-2020656 -233888
-1868358 -640627
-1944276 -438620
-1749591 -863299
-1499881 -1226523
-1995352 -407552
-1771164 -137688
-1777593 -342894
-1841815 -516388
-1765035 -770151
-1974310 -489554
-1928960 -533804
-1496478 -1001651
-1940726 -60117
-1947481 -252059
-1633591 -683115
-1626232 -603714
-1911119 -490084
-1762648 -140621
-1847264 -710903
-1909099 -64748
-1905396 -147851
-1942895 -304758
-1935588 -377863
-1951701 -548182
-1570904 -1031956
-1683255 -952439
-1910167 -524581
-1708087 -131007
-1992805 -427781
-1447495 -1215197
-1756280 -460972
-1940029 -402930
-1887575 -527786
-1707004 -923363
-1671857 -577568
-1657628 -963941
-1999051 -243410
-1712256 -969978
-1860528 -764804
-1636817 -996054
-1819256 -160207
-1769411 -389509
-1839213 -947958
-1949591 -460353
-1993766 -438843
-1734639 -601489
-1754691 -318152
-1643657 -992702
-1945031 -538946
-1627546 -1031941
-1534420 -1200106
-1969907 -450347
-1655841 -540177
-1834182 -618087
-1550093 -1148286
-1798601 -484513
-1951482 -357781
-1646516 -1037274
-2004773 -271167
-1721136 -113383
-1763473 -625294
-1793119 -241713
-1802458 -409335
-1850121 -775303
-1693553 -119420
-1616912 -1041159
-1731376 -441272
-1658844 -666208
-1661350 -1055584
-1729640 -470336
-1968680 -316446
-1895933 -230261
-1828992 -161713
-1564852 -1152621
-1681514 -1001494
-1713994 -531154
-1681512 -647241
-1813379 -656463
-1795252 -320829
-1761942 -387758
-1514068 -1194653
-1708277 -977226
-1730437 -360834
-1924683 -338232
-1752256 -648585
-1655333 -548331
-1883428 -597222
-1831311 -294170
-1991912 -254745
-1771544 -370580
-1769398 -419625
-1654983 -729270
-1524109 -1170195
-1744570 -827033
-1536715 -1042972
-1575621 -1054259
-1741024 -584033
-1690169 -1013057
-1746926 -1002410
-1451599 -1188255
-1843803 -384122
-1813923 -179983
-1733614 -181276
-1920728 -605714
-1762485 -584319
-1806679 -559120
-1603152 -1062787
-1921729 -589699
-1911133 -676668
-1531175 -1105360
-1652939 -1050235
-1712608 -654176
-1767364 -319646
-1896333 -150766
-1678683 -1017859
-1795319 -315693
-1869906 -210672
-1947704 -512217
-1705790 -490404
-1850873 -480117
-1656753 -1014331
-1926304 -335048
-1695397 -746624
-1875148 -208010
-1778344 -551636
-1989260 -293294
-1930687 -277639
-1789709 -230550
-1914376 -179466
-2013504 -399829
-1723983 -837366
-1800029 -204674
-1948302 -554519
-1764962 -435915
-1602187 -1146627
-1825389 -463342
-1868204 -217500
-1708835 -871947
-1764575 -347472
-1672265 -1046871
-1622586 -1065218
-1727207 -290066
-1670135 -1036455
-1861084 -280851
-1622082 -1042776
-1639967 -828486
-1964413 -449853
-1932958 -360105
-1716281 -152975
-1792677 -871786
-1863642 -648540
-1529500 -1168697
-1772562 -614582
-1739437 -956399
-1358219 -1239162
-1789572 -431005
-1860888 -758630
-1767219 -394542
-1648882 -547049
-1793908 -277945
-1838063 -347754
-1780892 -447584
-1922998 -531682
-1836110 -525608
-1508913 -1043081
-1733974 -179314
-1901960 -505084
-1605893 -822131
-1509609 -1109808
-1992367 -264855
-1587053 -840472
-1608736 -773899
-1352357 -1218536
-1800545 -572398
-1719129 -631134
-1702595 -417847
-1960334 -391176
-1886991 -805014
-1914502 -746277
-1991344 -226147
-1723257 -363052
-1841014 -766423
-1802502 -99750
-1782476 -381401
-1872759 -329050
-1783707 -611044
-1713679 -880325
-1818591 -200943
-2021526 -236327
-1791149 -512046
-1761573 -988718
-1800029 -279739
-1812513 -333418
-1993138 -232994
-1480708 -1106145
-1956334 -492148
-1921263 -229501
-1902294 -685450
-1787355 -472929
-1989176 -395062
-1444704 -1214866
-1976256 -194709
-1664651 -893651
-1845170 -303003
-1661302 -578156
-1834441 -166777
-2004571 -192241
-1720787 -152847
-1894197 -157231
-1949163 -557311
-1524535 -853313
-1676817 -1041851
-1621580 -786180
-1781347 -370257
-1559207 -1123694
-1922278 -737022
-1708569 -1095194
-1866550 -891289
-1802438 -560566
-1878233 -95849
-1607498 -1160497
-1894829 -793247
-1808962 -1002897
-1945368 -433815
-1951748 -514438
-1723557 -216670
-1759714 -488426
-1761959 -344912
-1684074 -1009190
-1906666 -453805
-1946743 -490142
-1831405 -308110
-1864556 -221124
-1738649 -531158
-1921701 -626462
-1899531 -168945
-1672007 -782824
-1700097 -410883
-1880448 -413383
-1656429 -1071575
-1429998 -1229563
-1640418 -663051
-1769300 -535581
-1517312 -1223391
-1741585 -317199
-1837705 -407578
-1957972 -235151
-1896358 -482032
-1952823 -115089
-1685594 -956890
-1830234 -314138
-1663961 -818548
-1946426 -321398
-1862318 -213734
-1867091 -228818
-1713484 -606205
-1682790 -1034803
-1751538 -411525
-1894029 -506096
-1683154 -604402
-1919378 -563517
-1297568 -1081006
-1668619 -615017
-1816808 -370063
-1858785 -885386
-1987325 -151887
-1718259 -578288
-1631302 -1073943
-1745859 -426350
-1903127 -304841
-1940222 -411802
-1679658 -1067453
-1934331 -333874
-1669096 -1069072
-1760708 -582877
-1935181 -255313
-1710927 -1001989
-2004863 -290433
-1772543 -510696
-2005336 -192462
-1669942 -1053454
-1944801 -345331
-1723016 -716810
-1805830 -104605
-1830495 -205255
-2007335 -397728
-1682837 -216669
-1750530 -386504
-1910672 -481404
-1527851 -1000612
-1851183 -719342
-1856417 -212137
-1684438 -1031779
-1734511 -564707
-1845175 -861944
-1533773 -1045518
-1686869 -691267
-1622272 -1017870
-1826496 -480662
-1669520 -850204
-1785307 -545729
-1742697 -439751
-1668866 -875038
-1904394 -138663
-1541739 -1015671
-1731072 -411585
-1889490 -74676
-1729917 -200818
-1370393 -1007056
-1577929 -1189385
-1931524 -539769
-1881157 -168021
-1639611 -694900
-1670305 -759952
-1898831 -421195
-2004155 -397954
-1723740 -611597
-1586391 -673081
-1604058 -1159381
-1803286 -312620
-1695958 -546322
-1496509 -1174549
-1930679 -451933
-1807146 -314574
-1521913 -1172857
-1654053 -856703
-1996669 -366836
-1813185 -925169
-1905901 -188176
-1947703 -514639
-1668063 -768254
-1775476 -468267
-1808189 -204884
-1829435 -263162
-1819196 -324234
-1948956 -461535
-1642699 -1005437
-1836332 -812260
-2029572 -219760
-1982047 -254783
-1712476 -877871
-1675942 -835317
-1659657 -1024199
-1950788 -338444
-1868601 -459171
-1721994 -328512
-1791220 -414931
-1798029 -293165
-1653389 -1027560
-1781574 -935298
-1929978 -587085
-1661993 -974028
-1904330 -211499
-1608325 -1200053
-1664108 -861422
-1942607 -261866
-1799276 -129775
-1813072 -389439
-1809846 -693551
-1873897 -924116
-1768943 -627863
-1787606 -929083
-1930095 -460301
-1817990 -851084
-1950668 -535143
-1920399 -294453
-1686279 -1065868
-1603007 -1065374
-1611536 -773121
-1865785 -813052
-1787270 -957511
-1621446 -690605
-1898698 -694784
-1652628 -1069458
-1859914 -237413
-1437659 -1228195
-1775117 -928660
-1701223 -868873
-1892700 -212723
-1917890 -535798
-1953806 -457668
-1681216 -666613
-1602341 -761422
-1917743 -366288
-1605752 -1197654
-1754724 -848395
-1741382 -729515
-1903118 -309018
-1772032 -428218
-1695145 -651275
-1567449 -1181997
-1577649 -1203162
-1684358 -956787
-1708595 -604389
-1890149 -662058
-1908534 -358034
-1705679 -693031
-1844618 -482949
-1497206 -765499
-1987995 -227942
-1635134 -770428
-1995957 -294606
-1910299 -467217
-1518909 -836533
-1439048 -1182114
-1770413 -349509
-1668606 -853743
-1791840 -520366
-1825795 -82067
-1836624 -903483
-1652531 -1013324
-1717433 -1165504
-1693531 -374011
-1656692 -608294
-1807566 -944333
-1781827 -382632
-1757538 -966029
-1736922 -580988
-1643448 -811878
-1830928 -276756
-1901766 -144761
-1919499 -573017
-1796189 -906262
-1711934 -868593
-1956166 -225452
-1658035 -1073408
-1902213 -288920
-1699389 -286779
-1969632 -196122
-1793963 -413632
-1892227 -621030
-1771875 -403477
-1820428 -606801
-1866367 -469889
-1710653 -768660
-1498996 -804808
-1963308 -346566
-1640886 -144048
-1930778 -580648
-1797592 -440564
-1558879 -1196834
-1911896 -600649
-1914409 -614800
-1694772 -984367
-1790085 -780265
-1654067 -722234
-1658858 -868470
-1795793 -271894
-1555564 -1054623
-1734381 -655929
-1776760 -349158
-1583425 -901455
-1959706 -461225
-1897587 -174508
-1684019 -869700
-1794156 -703470
-1501000 -772839
-1876752 -727974
-1737973 -535965
-1846228 -750253
-1851976 -598332
-1948008 -527110
-1705069 -605336
-1978983 -242726
-1642439 -1037460
-1718446 -195343
-1771373 -851860
-1585940 -1135228
-1704476 -337654
-1810587 -741388
-1708210 -604003
-1752915 -372794
-1732493 -453450
-1576004 -1022476
-1674578 -660785
-1922756 -280295
-1865724 -72984
-1632399 -998813
-1655850 -1016237
-1545730 -1039730
-1944418 -628015
-1473423 -999973
-1588052 -1194822
-1585978 -1201570
-1615692 -1008911
-1769432 -391301
-1607911 -1114509
-1975821 -451946
-1713950 -959441
-2001328 -398658
-1779577 -461241
-1605515 -1179938
-1956381 -64917
-1834046 -264665
-1797788 -407965
-1907907 -605590
-1786843 -929266
-1811160 -670182
-1648763 -1031096
-1904389 -221435
-1722726 -209011
-1596406 -1063222
-1950016 -420555
-1793893 -964613
-1992586 -208773
-1942957 -578802
-1839583 -705029
-1863963 -591992
-2006035 -404765
-1730133 -470661
-1690413 -292489
-1950225 -526198
-1818918 -332718
-1643346 -883659
-1921848 -288366
-1846475 -478142
-1842018 -200736
-1897326 -173643
-2002807 -397184
-1723872 -881169
-1651893 -821022
-1949516 -527333
-1766405 -394304
-1771852 -967050
-1754995 -345187
-1754501 -425966
-1946684 -627070
-1699382 -410741
-1649295 -1045651
-1785551 -134674
-1876680 -665169
-1809442 -959383
-1972426 -373634
-1807081 -676783
-1742256 -702930
-1822404 -653359
-2003824 -321896
-1701080 -1011405
-1652895 -1039843
-1830837 -264195
-1443764 -1196262
-1813666 -444172
-1842073 -831935
-2002222 -355384
-1785627 -471580
-1857815 -458231
-1915919 -602163
-1830912 -929313
-1543457 -1015731
-1676227 -1004979
-1791575 -345140
-1711821 -879294
-1920832 -132893
-1457156 -1220179
-1848382 -178563
-1780132 -497021
-1941935 -407627
-1675407 -579848
-1752231 -381540
-1776994 -476279
-2006125 -184296
-1876777 -87121
-1572125 -1030978
-1560531 -958274
-1898123 -436010
-1954483 -392443
-1704320 -716925
-1758020 -434653
-1719818 -193505
-1710567 -557681
-1541435 -1214943
-1708647 -972512
-1839333 -342894
-1781223 -532706
-1714757 -559116
-1568395 -1058554
-1688361 -1043127
-1632020 -758653
-1972513 -476355
-1592388 -661877
-1800606 -247222
-1859413 -779586
-1806681 -878957
-1920612 -508321
-1639815 -659119
-1544037 -876972
-1850250 -218113
-1714677 -983858
-1518804 -872112
-1949758 -197165
-1652760 -692522
-1513001 -967987
-1934950 -289757
-1752108 -378812
-1653194 -1026148
-1558055 -1037595
-1628165 -1033009
-1602772 -631218
-1757985 -1002606
-1727870 -961770
-1655608 -871640
-1910374 -305361
-1849844 -477562
-1742186 -662007
-1703066 -916583
-1742161 -235512
-1730196 -416133
-1641267 -685558
-1710255 -416510
-1951390 -80399
-1664348 -1021969
-1781761 -557205
-1794867 -251553
-1890470 -641933
-1596788 -1216712
-1850427 -833762
-1939482 -685968
-1837214 -194810
-1905080 -496168
-1536426 -1089895
-1656924 -127907
-1653983 -1061800
-1606518 -1086410
-1948250 -315227
-1744286 -130180
-1428539 -922541
-1821519 -285242
-1862185 -852074
-1929158 -446838
-1697791 -588457
-1669941 -579234
-1627954 -1042312
-1842660 -738524
-1775978 -364052
-1953431 -530301
-1765990 -369654
-1680422 -523901
-1660052 -1013925
-1848186 -999250
-1588387 -1050696
-1694063 -843681
-1616298 -686780
-1681105 -507710
-1743423 -431234
-1957213 -374005
-1987298 -395061
-1839835 -615144
-1431682 -892640
-1724163 -343065
-1885412 -154921
-1534563 -811319
-1648879 -812339
-1742239 -535349
-1596805 -1169068
-1947491 -291094
-1972507 -214095
-1619376 -722732
-1881900 -652782
-1666320 -224169
-1916031 -609533
-1808749 -480933
-1659097 -635339
-1703636 -678764
-1913141 -574690
-1747671 -857168
-1681428 -698369
-1927774 -474771
-1816624 -940354
-1766660 -461009
-1636943 -966512
-1952331 -594190
-1680078 -610936
-1625005 -1042405
-1848080 -660167
-1815775 -667890
-1751687 -321764
-1745316 -759233
-1545824 -1153260
-1913453 -87845
-1836201 -300085
-1589832 -874054
-1993805 -383907
-1919773 -431646
-1762641 -127915
-1988584 -428688
-1930834 -581374
-1909099 -57688
-1852446 -125922
-1908890 -320834
-1679837 -862653
-1669014 -1066750
-1858394 -97208
-1813184 -483431
-1929114 -302305
-1728241 -571879
-1992349 -421108
-1916393 -140319
-1663573 -178585
-1896696 -423629
-1537914 -1033340
-1767014 -491149
-1920310 -379853
-1541174 -1049445
-1976678 -336905
-1711735 -884205
-1887313 -121369
-1821548 -248069
-2000199 -393962
-1985903 -449583
-2002378 -328178
-1583598 -1206175
-1648958 -1046609
-1863424 -214456
-1642424 -1029782
-1795607 -189205
-1646516 -1033480
-1611989 -685304
-1749427 -624939
-1745122 -419036
-1780037 -494961
-1967765 -146515
-1788162 -567427
-1789595 -263322
-1573903 -1047297
-1696425 -682451
-1704525 -657421
-1812235 -924731
-1735997 -582175
-1582279 -871685
-1675060 -599919
-1944733 -236928
-1507791 -759015
-1940427 -356924
-1458170 -1102876
-1664515 -642797
-1655347 -1016726
-1949421 -231742
-1834114 -759441
-1681974 -851246
-1815226 -1012241
-1544240 -1101143
-1613073 -1143483
-1443029 -1217212
-1785023 -460152
-1949009 -392529
-1746057 -622863
-1549636 -1044830
-1761657 -348139
-1912307 -403121
-1960854 -425894
-1766915 -492712
-1574464 -1206070
-1695056 -746926
-1806582 -927345
-1588762 -970204
-1755858 -743423
-1707125 -301870
-1621988 -702331
-1675999 -1046081
-1792383 -559845
-1923989 -63562
-1644542 -880415
-1848120 -590936
-1732392 -468653
-1675909 -962386
-1773511 -391523
-1763059 -483280
-1844707 -209066
-1714313 -326081
-1928390 -537573
-1553878 -858037
-1791511 -465624
-1805150 -160581
-1939369 -292848
-1696358 -616554
-1735634 -446155
-1652716 -1020717
-1431788 -950170
-1690386 -929905
-1907677 -461041
-1831744 -590307
-1786098 -339711
-1367992 -1241097
-1431098 -1233153
-1942773 -453915
-1933716 -329484
-1752488 -730878
-1833778 -419258
-1671291 -883341
-1584335 -904202
-1913101 -70903
-1754586 -240041
-1839096 -468086
-1635059 -901710
-1666630 -717911
-1671634 -1043086
-1685261 -909813
-2023726 -233564
-1788333 -367579
-1953591 -148460
-1925087 -306448
-1693026 -562003
-1723355 -976738
-1569161 -1005910
-1926524 -449193
-1391123 -1030525
-1903165 -605649
-1706426 -874186
-1917033 -244904
-1550435 -1088621
-1836220 -473355
-1751241 -436324
-1814449 -814207
-1830866 -580752
-1680049 -874094
-1656392 -799501
-1808449 -385782
-1746575 -701243
-1679734 -995904
-1936586 -447586
-1772984 -945769
-1765288 -393824
-1713151 -617934
-1870618 -583575
-1711859 -558356
-1575610 -635576
-1642730 -731653
-1767226 -394572
-1797813 -113540
-1546835 -1056082
-1653820 -1062721
-1996466 -331924
-1925570 -543930
-1926680 -728783
-1788948 -422593
-1846780 -892667
-1926667 -199293
-1604078 -1199950
-1667409 -612880
-1942951 -250406
-1944689 -541332
-1751931 -956030
-1884452 -160745
-1655633 -816402
-1800297 -135696
-1642079 -1071542
-1883188 -454480
-1995630 -183246
-1801049 -798946
-1920889 -600584
-1959096 -437788
-1625786 -1121136
-1946785 -538166
-1906678 -505431
-1722587 -393033
-1596311 -1195088
-1545720 -1188194
-1681220 -1030783
-1803439 -396537
-1588349 -760055
-1781521 -783961
-1691912 -626640
-1774825 -289559
-1641610 -1072653
-1823670 -261006
-1749006 -830307
-1534751 -1204630
-1734316 -677484
-1872905 -672353
-1891119 -171977
-1778535 -472001
-1565788 -1102170
-1662143 -750163
-1611634 -1080761
-1800548 -928199
-1938793 -586431
-1733996 -178182
-1673601 -656238
-1995211 -214163
-1692934 -501897
-1927310 -379093
-1933935 -138677
-1658755 -1020758
-1707640 -979210
-1858428 -139952
-1731196 -521658
-1764889 -382433
-1731879 -1019765
-1640435 -700052
-1912162 -210811
-1584247 -1132676
-1761013 -424036
-1830319 -621396
-1850997 -153316
-1930318 -375227
-1801335 -534110
-1899587 -489396
-1596810 -1063295
-1946600 -199146
-1724245 -557651
-1833726 -155625
-1897850 -640092
-1748330 -715811
-1588340 -1059603
-1701333 -406991
-1535309 -1066187
-1977567 -411351
-1959236 -360490
-1948156 -577682
-1920943 -427021
-1643009 -1098854
-1739674 -350761
-1367481 -1241029
-1974005 -485922
-1480671 -861126
-1880582 -367169
-1791069 -248908
-1989009 -365041
-1509367 -1027626
-1716116 -466322
-1582064 -1045323
-1826524 -470081
-1938600 -155983
-1598699 -1062521
-1930707 -446983
-1786062 -233343
-1789877 -953644
-1755523 -525904
-1911599 -155800
-1639014 -1059120
-1651017 -727890
-1674437 -1055631
-1671287 -1026867
-1761764 -198233
-1670998 -722974
-1935139 -519993
-1851774 -341159
-1799466 -437567
-1910546 -644400
-1825269 -470702
-1974196 -129761
-2014622 -332018
-1882715 -557544
-1713204 -931972
-1677493 -683725
-1799734 -508286
-1906873 -310957
-1599105 -1043847
-1448909 -1181604
-1467488 -896120
-1600214 -1188147
-1900584 -124390
-1733679 -436494
-1651021 -873648
-1616870 -721294
-1654132 -803092
-1655073 -540837
-1787799 -468931
-1594099 -1060327
-1799218 -484513
-1667193 -899010
-1811427 -284221
-1893867 -772480
-1697011 -979489
-1569001 -1028375
-1990639 -298602
-1853631 -146055
-1788850 -966453
-1913041 -199719
-1726748 -414763
-1705825 -605601
-1798079 -233368
-1679784 -725546
-1628987 -740764
-1428638 -1234258
-1556166 -1207752
-1764032 -189665
-1672585 -208662
-1730105 -716322
-1923281 -451686
-1629072 -767979
-1877518 -672809
-1676596 -547191
-1801457 -192890
-1669486 -731592
-1566737 -1218662
-1869272 -920267
-1937930 -320525
-1668361 -1035769
-1834014 -262220
-1787120 -541933
-1642826 -140703
-1665503 -534882
-1542883 -1060851
-1706993 -615816
-1935313 -580592
-1880116 -125806
-1738220 -644587
-1625297 -999205
-1297742 -1078567
-1670084 -1015518
-1935976 -137351
-1905385 -788250
-1739342 -981533
-1819455 -1009252
-1916508 -608406
-1954341 -516162
-1886043 -152175
-1603825 -1045727
-1658805 -738279
-1899586 -538525
-1461289 -1229036
-1561238 -1029595
-1741882 -693482
-1636781 -700344
-1948101 -310180
-1750645 -528668
-1774811 -439147
-1979667 -455110
-1914205 -245627
-1927951 -542756
-1709441 -226967
-1837555 -413349
-2015164 -333611
-1454063 -1194163
-1866950 -71361
-1809785 -381726
-1771847 -949599
-1720393 -968437
-1765488 -375181
-1759368 -365726
-1518194 -1133093
-1958260 -281054
-1679183 -1034082
-1792497 -322886
-1928525 -719200
-1797406 -332130
-1804395 -315670
-1928013 -536678
-1649625 -1064134
-1451987 -1180373
-1827031 -223373
-1859132 -96962
-1722400 -924840
-2015783 -236066
-1458437 -1190869
-1820743 -402671
-1711247 -611949
-1686319 -541247
-1713256 -1021652
-1624865 -728769
-1743662 -973994
-1672184 -161397
-1808163 -210669
-1880185 -217159
-1725318 -683327
-1739365 -211255
-1917642 -482921
-1684543 -533185
-2003984 -361160
-1820403 -686588
-1587899 -1049883
-1994893 -317902
-1852808 -76415
-1743741 -442403
-1685949 -689318
-1814287 -294951
-1834065 -740647
-1670722 -523170
-1862224 -207904
-1882199 -193680
-1789096 -512992
-2030287 -202702
-1711356 -580194
-1587882 -1051622
-1684654 -1063031
-1656913 -1029639
-1930724 -590166
-1650587 -697823
-1929965 -255831
-1787972 -412056
-1898974 -417637
-1620095 -1095325
-1936317 -378852
-1852810 -202837
-1589623 -803344
-1879232 -157652
-1920701 -585376
-1446301 -1232249
-1544034 -1168999
-1673750 -1061918
-1697299 -533255
-1514763 -1229253
-1664911 -807569
-1657694 -733925
-1653099 -699026
-1920829 -683675
-1938286 -613565
-1696322 -1010635
-1794491 -634721
-1446464 -1223632
-1933901 -174125
-1711169 -479994
-1690254 -123048
-1627276 -1040245
-1671215 -1060702
-1894737 -443819
-1553365 -1039626
-1924436 -614874
-1806509 -273470
-1659379 -1071694
-1644863 -1019483
-1825141 -137665
-1706545 -714614
-1680193 -707315
-1965154 -388550
-1949900 -510567
-1425639 -994912
-1845706 -542475
-1992470 -258025
-1739702 -319775
-1645365 -1028576
-1823642 -162826
-1663656 -779112
-1861162 -189013
-1793757 -239896
-1841975 -735882
-1864992 -87996
-1733171 -984130
-1697945 -723300
-1515499 -801127
-1657808 -746325
-1696104 -978457
-1551736 -1074654
-1884810 -199409
-1892209 -563670
-1823483 -877257
-1820558 -279055
-1835251 -815310
-1928650 -680958
-1660308 -633082
-1864729 -106789
-1946979 -538531
-1898112 -458109
-1952051 -438605
-1832788 -862447
-1444043 -1172064
-1561992 -866949
-1946838 -433849
-1951754 -293674
-1600614 -1046781
-1965500 -247730
-1823441 -887505
-1572556 -1165355
-1720723 -637417
-1716908 -944008
-1706918 -417569
-1766033 -317296
-1766456 -508050
-1819914 -383843
-1671277 -668976
-1628218 -1118130
-1660209 -1018605
-1549358 -1044729
-1583975 -1191936
-1648828 -617645
-1618334 -708837
-1953953 -139627
-1756569 -228990
-1922551 -670741
-1723564 -461103
-1688999 -549602
-1752348 -544146
-1913696 -270663
-1803720 -1006759
-1667099 -1031427
-1785423 -401416
-1980642 -297194
-1855371 -204345
-1918630 -598883
-1932609 -416747
-1749725 -612563
-1991531 -281724
-1534366 -1043761
-1737387 -158704
-1702578 -601853
-1833303 -493321
-1693386 -1035393
-1855927 -205352
-1691341 -596611
-1606778 -732972
-1983015 -195462
-1867626 -146349
-1717645 -641480
-1836470 -155465
-1852177 -735224
-1687768 -1034269
-1977441 -224388
-1713966 -518664
-1683098 -638997
-1558361 -1041127
-1885169 -647164
-1776219 -409699
-1648254 -767434
-1664863 -759454
-1745270 -510205
-1510943 -1127471
-1690313 -738172
-1566172 -1049646
-1367041 -1208450
-1774357 -288461
-1905907 -536832
-1938778 -697542
-2001925 -408506
-1676714 -1021745
-1898675 -188528
-1779624 -638719
-1616354 -1043173
-1516895 -1098466
-1440144 -1188371
-1967913 -313914
-1968900 -153500
-1905241 -384689
-1997910 -383021
-1803221 -306711
-1643658 -565067
-1892535 -571882
-1918085 -164737
-1814415 -401048
-1619523 -673472
-1647773 -660594
-1696984 -125885
-1727665 -312935
-1819637 -1004086
-1399343 -925671
-1888318 -195352
-1800333 -520225
-2004331 -216987
-1783204 -375232
-1676643 -1066060
-1928679 -590340
-1445777 -1188301
-1704302 -920490
-1860182 -236787
-1411745 -1032975
-1681323 -570910
-1729208 -953018
-1985937 -216391
-1672023 -729988
-1617814 -1037809
-1696890 -1106674
-1965831 -253546
-1828356 -468791
-1814856 -99413
-1541070 -1054507
-1651903 -1029971
-1583406 -663682
-1768798 -186058
-1684041 -648874
-1909215 -400889
-1523320 -1171104
-1687391 -1048027
-1805502 -1008273
-1892328 -507946
-1820415 -358210
-1736468 -751447
-1971226 -239814
-1909620 -388950
-1954278 -174448
-1791238 -527542
-1653608 -646898
-1965271 -47430
-1704191 -602613
-1547063 -1016920
-1753807 -946250
-1979426 -482072
-1650210 -643836
-1801257 -426911
-1952173 -537497
-1542617 -1038722
-1806329 -402298
-1806797 -92172
-1913107 -575665
-1565773 -1079675
-1581291 -680555
-1949317 -618807
-1866731 -225037
-1691299 -619741
-1873707 -220627
-1851503 -289498
-1698601 -553152
-1964471 -503866
-1809023 -742898
-1662826 -964217
-1716578 -494646
-1938317 -197965
-1937498 -565840
-1727587 -534706
-1917393 -484862
-1761140 -355951
-1873957 -211977
-2003303 -401093
-1808129 -866139
-1703472 -780972
-1904767 -259305
-1949891 -180478
-1815231 -887034
-1802316 -374548
-1690033 -1030156
-1908940 -620332
-1636121 -1071113
-1785936 -438473
-1948468 -377371
-1795002 -507651
-1535010 -1159434
-1585828 -873678
-1833845 -245025
-1670854 -209552
-1786811 -558161
-1941252 -372810
-1706449 -432857
-1766999 -493172
-1747931 -140510
-1650291 -1065159
-1583376 -1175846
-1656854 -132612
-1782490 -597141
-1662544 -1027680
-1973779 -232221
-1650915 -1068564
-1549448 -1052558
-1808728 -345320
-1815435 -833751
-1903742 -162685
-1700099 -549787
-1664629 -192913
-1380459 -1228001
-1592887 -1030695
-1588864 -1041194
-1621065 -602865
-1685948 -1005130
-1674277 -1031778
-1669471 -835361
-2003623 -278965
-1804044 -337595
-1519555 -818109
-1749531 -248072
-1905419 -634688
-1937856 -436982
-2002331 -351844
-1769780 -376213
-1724402 -361349
-1844368 -476422
-1833267 -593760
-1780745 -807814
-1983679 -422048
-1983366 -439696
-1988908 -149543
-1630024 -855295
-1630022 -1095654
-1682400 -1050270
-1946379 -49458
-1716979 -770002
-1643910 -1048964
-1753071 -701639
-1834979 -408152
-1823071 -822409
-1784428 -835770
-1624291 -1039872
-1747992 -611202
-1894967 -70422
-1657459 -683295
-1970894 -57442
-1792536 -402311
-1609122 -1033621
-1771960 -381554
-1839732 -761599
-1732374 -223649
-1768058 -280514
-1885948 -798304
-1551254 -1094219
-1916312 -246702
-1925956 -75895
-1917932 -469031
-1707353 -560030
-1696243 -701063
-1914410 -88958
-1562438 -1088643
-1809103 -919949
-1837538 -730645
-1417183 -956052
-2014658 -344263
-1866523 -69148
-1843929 -1012996
-1951101 -520076
-1674398 -818046
-1644613 -1097500
-1912648 -371257
-1704341 -962232
-1723600 -770217
-1982310 -496351
-1479018 -1074661
-1870343 -106068
-1702384 -763888
-1747432 -939385
-1707185 -317570
-1304953 -1080630
-1819666 -903544
-1684047 -1035632
-1837079 -312167
-2014010 -191587
-1909544 -475427
-1525087 -794963
-1978232 -410510
-2013790 -208123
-1860991 -258901
-1750073 -483152
-1438456 -1181377
-1641397 -1030668
-1761786 -679582
-1999611 -324130
-1839104 -469017
-1707010 -675920
-1847537 -542729
-1929901 -331489
-1679932 -193791
-1854156 -149047
-1620264 -1102422
-1706965 -485766
-1709025 -386876
-1907789 -686556
-1953528 -392006
-1598137 -1199532
-1715216 -764847
-1631401 -704649
-1802987 -148582
-1852384 -447755
-1664618 -803920
-1924335 -66095
-1758678 -322571
-1889459 -187470
-1919266 -89913
-1603098 -1031420
-1893421 -633500
-1825221 -642258
-1834439 -165516
-1865575 -486360
-1838461 -526079
-1827585 -312315
-1780459 -465537
-1822104 -354856
-1746467 -614838
-1870750 -512479
-1945948 -257152
-1650016 -1058803
-1890908 -614795
-1818780 -807225
-1799102 -408229
-1649793 -1037797
-1574477 -1151648
-1838418 -469843
-1620590 -1040250
-1815032 -566902
-1697871 -1029990
-1720154 -736227
-1714635 -729289
-1513905 -1223704
-1471499 -1092734
-1788601 -626161
-1906760 -530381
-1963176 -89772
-1658402 -630821
-1800787 -938615
-1777913 -465489
-1845032 -544934
-1663653 -796773
-1860707 -849412
-1897169 -508491
-1922420 -677173
-1663637 -752235
-1860051 -238474
-1926159 -525133
-1954309 -556035
-1911752 -649026
-1743870 -783828
-1589648 -1203342
-1840612 -458643
-1677241 -720444
-1950140 -541003
-1707284 -682484
-1975125 -498569
-1668172 -1036538
-1605780 -1101234
-1638733 -154916
-1636693 -876734
-1896063 -215091
-1786969 -792803
-1911541 -150946
-1661462 -166385
-1951824 -219074
-1658657 -1054336
-1662943 -559950
-1551786 -1104662
-1918439 -148064
-1933815 -675188
-1953598 -234143
-1648865 -1007132
-1801360 -380431
-1598358 -723671
-1709305 -470189
-1618708 -669304
-1603728 -1048273
-1671036 -1012016
-1788772 -863875
-1792601 -283064
-1556966 -1048600
-1772648 -916046
-1984842 -397952
-1791606 -362211
-1763621 -407224
-1678710 -1058804
-1808087 -89156
-1814760 -425237
-1683036 -1017242
-1971737 -503092
-1928622 -512064
-1662124 -1061771
-1917929 -659289
-1553712 -1100525
-1991927 -217440
-1616719 -1133861
-1894225 -248631
-1942558 -562922
-1922733 -256153
-1666954 -1032155
-1703204 -986174
-1803938 -934449
-1920382 -84731
-1922067 -403052
-1807524 -930397
-1997115 -285804
-1931522 -678992
-1953025 -452038
-1785302 -216724
-1847834 -668981
-1699802 -488616
-1687815 -1032390
-1979326 -476115
-1901643 -229165
-1657480 -776327
-1456524 -1235752
-1722822 -515837
-1632885 -891228
-1868872 -643509
-1840562 -409189
-1819717 -272221
-1821288 -85454
-1593593 -1204867
-1806602 -578406
-1837926 -420234
-1936230 -130899
-1753064 -950015
-1945531 -510858
-1839379 -999746
-2016259 -228979
-1445372 -1193393
-1588013 -1195491
-1776685 -373185
-1936538 -120362
-1923319 -557151
-1923989 -512577
-1669974 -766004
-1824012 -657014
-1724870 -472107
-1803029 -797276
-1841959 -474075
-1674950 -205494
-1692215 -756912
-1430546 -1228210
-1770404 -278250
-1895942 -476473
-1929422 -529323
-1474307 -1010531
-1707922 -867551
-1836113 -261575
-1809035 -863111
-1898418 -538747
-1966739 -143016
-1928576 -360970
-1871877 -246420
-1539211 -1157627
-1963756 -268066
-1948037 -523229
-1664955 -1045215
-1768531 -231364
-1858989 -164183
-1620046 -1088045
-1950462 -554432
-1929850 -473092
-1933947 -514840
-1950171 -203121
-1922278 -560788
-1517862 -1081535
-1727418 -484047
-1733259 -573295
-1930584 -472757
-1639347 -1078224
-1908135 -129830
-1794363 -617918
-1612090 -1062642
-1924736 -367405
-1803524 -270091
-1819742 -218062
-1977807 -188444
-1688493 -1021031
-1649571 -1029213
-1469259 -1222781
-1667216 -631114
-1905393 -597134
-1583476 -1124642
-1717882 -872520
-1642180 -751567
-1639917 -767478
-1934043 -576141
-1971327 -205113
-1788720 -444393
-1815244 -646511
-1879985 -654380
-1985951 -291584
-1552447 -826720
-1643299 -674123
-1701493 -507729
-1946251 -527182
-1599619 -937778
-1839437 -413904
-1922127 -620523
-1853375 -813106
-1894676 -670554
-1596015 -1137817
-1826929 -661199
-1604210 -680317
-1833803 -265959
-1881290 -138797
-1939255 -699599
-1702357 -583845
-1555819 -1195777
-1667404 -815607
-1688118 -498439
-1643773 -738024
-1836135 -261569
-1683624 -1031484
-1721438 -317296
-1877353 -88510
-1753347 -407050
-1705567 -486207
-1859969 -538430
-1794389 -923030
-1897698 -645081
-1973783 -448196
-1666565 -774571
-1743613 -181096
-1798967 -529270
-1918868 -301890
-1599068 -1048116
-1913308 -376760
-1704650 -761670
-1870681 -210872
-1842178 -687454
-1688934 -536147
-1943473 -612815
-1849541 -796717
-1779488 -169482
-1758660 -417488
-1790208 -246853
-1671397 -1022634
-1436949 -1214443
-1484952 -1075179
-1753193 -509970
-1709898 -484946
-1612838 -898868
-1752084 -550196
-1403492 -903167
-1695395 -127716
-1937394 -278702
-1923126 -298979
-1590471 -1200247
-1931653 -498088
-1704930 -925709
-1809557 -297073
-1558656 -1215683
-1864043 -883233
-1693151 -758221
-1682219 -1029105
-1894661 -623367
-1735697 -520281
-1764118 -332682
-1806612 -951631
-1771914 -325616
-1631362 -690932
-1730219 -433332
-1761962 -347995
-1865696 -884030
-1498012 -791965
-1664235 -852605
-1815616 -358794
-1867031 -471061
-1683132 -1041469
-1891193 -706651
-2014845 -233975
-1970990 -176345
-1987371 -413940
-1805506 -593172
-1547695 -1217386
-1714126 -890038
-1652656 -756429
-1561967 -1021119
-1787333 -445364
-1803122 -736576
-1811933 -574981
-1930205 -584478
-1652008 -672213
-1926812 -701926
-1670711 -824507
-1685093 -605981
-1769298 -267699
-1724836 -612703
-1851308 -219658
-1776790 -390859
-1789618 -378717
-1802088 -793965
-1943207 -324051
-1776606 -337335
-1920208 -287964
-1900254 -727393
-1909991 -643681
-1862519 -934532
-1803691 -320851
-1644618 -1065940
-1725013 -551645
-1887651 -255302
-1697849 -968046
-1966790 -240781
-1913009 -600572
-1911107 -267360
-1663281 -1074450
-1831304 -217986
-1648229 -1027512
-1884359 -165733
-1647977 -1057284
-1778046 -881178
-1672634 -560036
-1608285 -1192502
-1655377 -226507
-1928116 -446162
-1603635 -637410
-1628989 -684226
-1837127 -810782
-1879179 -852198
-1809471 -955270
-1676538 -1046975
-1917077 -112943
-1862260 -282105
-1795928 -410159
-1807789 -154356
-1725032 -936489
-1894377 -642530
-1895912 -129693
-1977210 -204121
-1836766 -948782
-1852007 -86116
-1569019 -1088529
-1530347 -1164788
-1905861 -247586
-1591723 -1059592
-1834131 -720825
-1738776 -218521
-1874639 -193842
-1692469 -614965
-2001322 -349611
-1743732 -407463
-1644892 -858401
-1459741 -1216970
-1851575 -536196
-1938226 -686341
-1710570 -661904
-1736285 -1020660
-1812740 -610445
-1666166 -1022488
-1944173 -459950
-1625420 -1030879
-1679461 -861691
-1957466 -439969
-1850325 -76744
-1658076 -1056202
-1799855 -530708
-1932020 -331365
-1936417 -517959
-1848221 -946343
-1528245 -1186421
-1922917 -637746
-1604309 -791074
-1673689 -590235
-1710827 -246745
-1661925 -721763
-1767794 -390379
-1814212 -183714
-1968027 -447554
-1699444 -782581
-1621965 -975640
-1731148 -996778
-1756055 -326953
-1666359 -709831
-1602292 -637173
-1761903 -366255
-1758591 -991288
-1747223 -562191
-1943006 -528380
-1757677 -460230
-1657661 -1024636
-1938921 -305038
-1793577 -269336
-1834926 -124347
-1531695 -1027569
-1866128 -455817
-1902030 -525459
-1889398 -530800
-1359448 -1138576
-1748267 -377717
-1558745 -1216798
-1676270 -1042256
-1708260 -971363
-1788980 -781717
-1541410 -877234
-1824068 -368077
-2007716 -332724
-1624401 -1024967
-1805690 -556522
-1811544 -414194
-1704406 -1105200
-1568511 -1198648
-1958141 -168212
-1633954 -1045798
-1652049 -1060291
-1532858 -1092717
-1681188 -1027434
-1792737 -236756
-1796955 -460738
-1891657 -449088
-1918937 -594550
-1680276 -1033144
-1806239 -602692
-1668435 -1021989
-1951651 -189220
-2020559 -225670
-1714345 -764925
-1567265 -1038573
-1842534 -734779
-1437556 -1231003
-1937597 -573097
-1863489 -204114
-1596300 -1051978
-1735973 -582181
-1902632 -513277
-1856714 -146534
-1758527 -128905
-1940051 -312910
-1614960 -796463
-1964311 -217724
-1946117 -268819
-1580774 -1068742
-1856838 -195485
-1807056 -490687
-1880264 -107266
-1745804 -449890
-1798432 -456370
-1677906 -1019202
-1669786 -1033589
-1870570 -835913
-1909390 -64856
-1693280 -618088
-1721931 -630806
-1837796 -948020
-1663627 -921745
-1848294 -357659
-1885117 -85939
-1708440 -769944
-1885803 -167163
-1831767 -531794
-1904157 -161330
-1600947 -1015675
-1686085 -1029292
-1914554 -531882
-1793976 -634339
-1700975 -342032
-1605198 -857852
-1675388 -857538
-1757557 -965993
-1951459 -170512
-1672699 -516122
-1932931 -580314
-1671196 -1069119
-1690249 -514977
-1878879 -594324
-1594411 -1209013
-1675400 -1062885
-1733328 -657398
-1698049 -1105880
-1681036 -569384
-1918417 -531947
-1788424 -463441
-1751491 -465556
-1650199 -1043843
-1680529 -995727
-1660036 -575300
-1946819 -504136
-1704975 -663720
-1907132 -595827
-1790431 -353936
-1809690 -382813
-1862607 -207180
-2018883 -199314
-1652126 -1026412
-1747934 -725827
-1942413 -188138
-1846550 -473844
-1748551 -711546
-1888403 -699847
-1561905 -1029837
-1940542 -442330
-1705639 -628551
-1897218 -299178
-1673932 -1041094
-1724817 -977418
-1811752 -366623
-1667353 -1047094
-1693710 -142850
-1829692 -313158
-1741385 -742840
-1868552 -376344
-1915554 -255674
-1778640 -126181
-1587354 -1045674
-1672202 -1030621
-1760103 -108089
-1593488 -1221224
-1650265 -1051795
-1743527 -987612
-1643002 -726890
-1908414 -249247
-1861172 -918626
-1713338 -551733
-1666898 -925357
-1628415 -1045152
-1831563 -882183
-1972383 -70300
-1624387 -1040104
-1873508 -203525
-1581101 -1120781
-1895925 -643498
-1740858 -372084
-1834629 -469502
-1715040 -411852
-1616058 -608877
-1899217 -587577
-1922729 -173240
-1549326 -1190591
-1840742 -476458
-1848867 -220506
-1715197 -605726
-1982796 -464469
-1816162 -654569
-1531060 -1108121
-1781946 -371899
-1790028 -324639
-1629454 -1092902
-1654550 -1047767
-1794512 -406579
-1865138 -525408
-1447016 -877357
-2003171 -223205
-1454653 -1193112
-1890127 -482710
-1963639 -381894
-1663741 -259176
-1601273 -1026532
-1824893 -1006923
-1973905 -460394
-1729600 -259476
-1952490 -565447
-1714776 -869555
-1690628 -991033
-1981613 -372082
-1401716 -926736
-1652042 -649044
-1667144 -777234
-2009604 -336514
-1587306 -669482
-1448118 -1207684
-1697991 -497945
-1772624 -325847
-1584925 -1116876
-1705508 -403290
-1674575 -1042788
-1616545 -1040732
-1766446 -359674
-1667692 -1030727
-1899724 -495933
-1861893 -234526
-1764819 -267282
-1643574 -990538
-1900715 -173856
-1971744 -371564
-1754833 -634564
-1561980 -1041899
-1853027 -865564
-1781889 -803709
-1688683 -1040650
-1968675 -447659
-1986432 -360381
-1886144 -801359
-1925180 -495375
-1386091 -1106931
-2012337 -230049
-1895790 -451817
-1595932 -1180176
-1692130 -1038681
-1962360 -244472
-1660024 -555317
-1694651 -1018865
-1670823 -1051268
-1739715 -586818
-1637035 -1087720
-1997843 -290593
-1672130 -1029182
-1649890 -673561
-1305381 -1087879
-1747237 -377983
-1948382 -415490
-1709941 -960609
-1784966 -415894
-1731735 -397731
-1667305 -669490
-1753654 -969827
-1724424 -474843
-1952643 -542949
-1938696 -373737
-1753892 -465939
-1699142 -497056
-1660488 -1051250
-1710051 -925395
-1692353 -697013
-1662307 -1049999
-1600297 -1217538
-1654774 -816183
-1853541 -88429
-1607652 -1007242
-1627332 -1082840
-1921675 -589585
-1652412 -1049939
-1970932 -339405
-1924845 -586271
-1750324 -708946
-1759608 -742033
-1964762 -452115
-1768268 -584532
-1671177 -1021638
-1776003 -452284
-1922615 -342869
-1936844 -141776
-1667700 -1038002
-1315936 -1051049
-2007370 -332893
-1596708 -1207065
-1592612 -707304
-1840388 -461823
-1542153 -867507
-1648850 -1071159
-1774340 -173755
-1940667 -309685
-1954291 -507360
-1790920 -795663
-1941261 -127567
-1988595 -297230
-1784158 -339325
-1604127 -846305
-1580260 -708440
-1745288 -381308
-1752722 -383275
-1747429 -454380
-1950382 -214595
-1625611 -1082163
-1648842 -1022193
-1721821 -439033
-1752666 -396798
-1963464 -387582
-1782415 -323834
-1863303 -863646
-1740068 -364362
-1785800 -385605
-1785817 -95904
-1797918 -574481
-1842974 -181936
-1980905 -273883
-1580975 -1203151
-1636273 -667594
-1722636 -826518
-1763935 -337358
-1778769 -292499
-1742924 -397344
-1979277 -445316
-1652992 -587949
-1774796 -261371
-1596843 -1060101
-1709177 -601631
-1714173 -751818
-1797870 -561259
-1860435 -286137
-1866723 -533055
-1647579 -1027242
-1558073 -1030150
-1664838 -1049194
-1763868 -485766
-1423431 -1001330
-1757163 -891093
-1909785 -295332
-1705902 -606061
-1601276 -1089715
-1945117 -561631
-1905490 -526025
-1660884 -1049108
-1905382 -507495
-1534948 -1186518
-1895948 -670472
-1813602 -298715
-1886966 -623014
-1578040 -1046757
-1671957 -1023365
-1640599 -1046771
-1863464 -282447
-2018131 -378123
-1821578 -287354
-1694016 -673529
-1789553 -150942
-1587157 -1196766
-1606589 -738375
-1738845 -366441
-1843355 -737898
-2004931 -313535
-1895315 -134413
-1620264 -1102422
-1680037 -1017337
-1928698 -198630
-1949961 -553056
-1640548 -1076008
-1925969 -678402
-1701842 -649965
-1862542 -556193
-1702216 -1002372
-1641154 -1032111
-1830662 -652585
-1703273 -422127
-1733475 -193477
-1624019 -737912
-1839141 -944056
-1609030 -1184788
-1710716 -159909
-1913353 -566390
-1901542 -100521
-1460746 -1234122
-1972555 -257101
-1794690 -549896
-1582773 -1099416
-1713272 -155860
-1758578 -295854
-1762692 -440156
-1590692 -1030618
-1511770 -1071127
-1932448 -271160
-1869680 -199470
-1917868 -711260
-1851291 -241873
-1678030 -1031520
-1881424 -90110
-1826860 -215766
-1748819 -363902
-1760720 -387240
-1933187 -538437
-1976583 -115498
-1822716 -255364
-1311085 -1082371
-1674121 -1028047
-1747642 -431793
-1887352 -241661
-1904037 -755808
-1658542 -714402
-1648098 -1063515
-1567360 -1038239
-1574039 -1178149
-1810574 -353355
-1588788 -1131681
-1866412 -316642
-1667062 -625321
-1927668 -199258
-1717858 -225615
-1916124 -681660
-1843292 -711826
-1493740 -1220414
-1793088 -314810
-1672004 -668743
-1892689 -503338
-1698973 -557244
-1969328 -344060
-1878062 -157828
-1549532 -1097149
-1742556 -211150
-1785330 -736236
-1946774 -213002
-1945363 -537402
-1734470 -590157
-1465147 -895415
-1494726 -1030424
-1801001 -451041
-1729610 -160903
-1654362 -681212
-1974977 -214101
-1593603 -696869
-1955950 -320536
-1659105 -995494
-1670672 -148686
-1704431 -121353
-1668514 -1060376
-1777955 -485171
-1754190 -179715
-1706827 -1014769
-1674366 -887501
-1324479 -1082701
-1427993 -1236004
-1666789 -1059963
-1746672 -224314
-1686434 -664555
-1596066 -1198444
-1941983 -538184
-2006586 -349959
-1954109 -430998
-1751486 -865809
-1873710 -815024
-1660205 -137758
-1536757 -1050588
-1583049 -1178148
-1696734 -401767
-1691179 -617378
-1755332 -610630
-1791380 -511665
-1801693 -949028
-1671896 -873434
-1605199 -1060905
-1767190 -627757
-1813962 -654202
-1696925 -364419
-1623416 -710964
-1830057 -679067
-1806773 -313290
-1601621 -1189811
-1672413 -771259
-1912809 -727760
-1457382 -1214619
-1712464 -565778
-1940780 -603474
-1612695 -1067691
-1918990 -681855
-1797632 -303642
-1759004 -399014
-1685999 -247464
-1639860 -1032011
-1968056 -296279
-1539451 -1034825
-1840620 -198898
-1681212 -241753
-1717565 -476520
-1936130 -623043
-1571280 -1195196
-1881307 -615879
-1861989 -761292
-1760305 -357903
-1921043 -302462
-1345516 -1142635
-1859449 -471116
-1770811 -542468
-1931690 -584585
-1569282 -1024405
-1951712 -549598
-1931331 -399391
-1678308 -876615
-1793576 -395994
-1641454 -1098807
-1793715 -911221
-1410686 -1156335
-1771355 -439977
-1508342 -1131343
-1908068 -554759
-1974684 -489932
-1887733 -70614
-1829277 -204723
-1866492 -803595
-1867190 -455915
-1817298 -372410
-1627360 -1077561
-1356648 -1212228
-1837487 -471474
-1457076 -1192503
-1935352 -113755
-1921822 -550506
-1995550 -386962
-1801002 -930796
-1675942 -1036569
-1964531 -488496
-1579529 -1044682
-1924366 -272698
-1832633 -949382
-1754531 -887421
-1731548 -251448
-1795433 -926089
-1795512 -469140
-1940622 -572937
-1474254 -1199727
-1945732 -306040
-1975860 -496322
-1895564 -128529
-1746970 -705997
-1779632 -562358
-1676901 -1037339
-1835269 -887263
-1710776 -868575
-1681392 -539977
-1920097 -561387
-1613541 -789008
-1652798 -816470
-1356177 -1151421
-1855963 -299367
-1919184 -574069
-1943403 -545723
-1912023 -715868
-1733835 -582516
-1601669 -1064487
-1985150 -365431
-1731849 -645343
-1933373 -130682
-1682953 -1002599
-1840653 -77199
-1330598 -1075945
-1916138 -718785
-1674163 -618073
-1585344 -1174185
-1809260 -449191
-1646818 -1002327
-1681380 -1065682
-1892319 -65064
-1617638 -1019302
-1627566 -736290
-1985234 -393461
-1836980 -421068
-1910911 -319352
-1919099 -558407
-1883604 -212358
-2003678 -315373
-1950138 -535711
-1452290 -1229169
-1949816 -133680
-1627918 -1023929
-1584058 -1137882
-1919984 -596131
-1568092 -1204079
-1651519 -793684
-1948145 -556466
-1859934 -435985
-1685792 -1044931
-1750631 -416825
-1749756 -719867
-1550775 -948111
-1678352 -962189
-1896966 -749682
-1470406 -1220935
-1795589 -446677
-1781204 -927464
-1741842 -510329
-1897842 -492615
-1956175 -520360
-1692862 -954841
-1669708 -1023576
-1917923 -658744
-1798217 -246808
-1678460 -955859
-1938330 -427732
-1665433 -1061461
-1769632 -367932
-1551058 -1083361
-1938947 -373018
-1954833 -496450
-1820392 -641831
-1919760 -246122
-1595207 -1061390
-1616207 -1136648
-1842855 -484030
-1737678 -686431
-1736552 -327879
-1748146 -577503
-1840015 -367816
-1905192 -570867
-1637022 -1037174
-1523603 -931408
-1624545 -855077
-1929531 -256282
-1699188 -574302
-1899364 -498642
-1688745 -1026928
-1926399 -555948
-1927057 -426688
-1931087 -516346
-1901531 -165084
-1920631 -493059
-1889368 -620669
-1844327 -804207
-1794289 -964519
-1993593 -206871
-1656174 -647925
-1850714 -534401
-1987885 -133649
-1937838 -709979
-1543969 -1189484
-1998205 -201751
-1528402 -1160990
-1684562 -1000625
-1950988 -139056
-1843215 -591163
-1701455 -405424
-1621293 -675010
-1590800 -716206
-1594108 -1129198
-1892061 -776572
-1626178 -781001
-1576650 -1205881
-1935362 -625443
-1684570 -1059379
-1930586 -494513
-1541387 -1201815
-2000602 -360509
-1901982 -514261
-1565441 -785415
-1765492 -552778
-1670593 -835233
-1688663 -748738
-1617762 -1133106
-1917018 -676665
-1679287 -1026241
-1629424 -852924
-1932417 -590699
-1887570 -663641
-1919805 -556828
-1783345 -558340
-1711590 -604749
-1709555 -1097949
-1707541 -674901
-1983077 -458399
-1827916 -645378
-1862081 -516740
-1789535 -461002
-1575379 -871227
-1620395 -1110882
-1555212 -810383
-1890463 -674945
-1745500 -706194
-1643978 -781006
-1943309 -537104
-1705762 -983535
-1802697 -259323
-1519580 -777523
-1693402 -386016
-1395360 -913559
-1641099 -742411
-1562523 -1039044
-1578505 -1198143
-1722496 -858160
-1782044 -240616
-1706426 -520229
-1958242 -368491
-1772595 -291729
-1756647 -163781
-1944037 -542901
-1938850 -280029
-1885732 -625816
-1946421 -527361
-1622718 -680311
-1941042 -396688
-1817218 -829065
-1876755 -808612
-1893132 -642188
-1716719 -492692
-1602111 -1197237
-1819877 -327207
-1816205 -483665
-1973425 -487511
-1808612 -283504
-1565821 -1207240
-1559497 -853881
-1816822 -102417
-1542883 -1074364
-1535330 -1071411
-1919316 -229712
-1936277 -527289
-1958517 -310217
-1694534 -1062078
-1978445 -421560
-1653833 -1055985
-1902834 -179727
-1726034 -407606
-1945392 -538104
-1767158 -250116
-1661531 -715812
-1351038 -1232739
-1984920 -421039
-1657991 -654218
-1907424 -545081
-1977334 -404031
-1951540 -547065
-1824081 -167261
-1544557 -1136207
-1352734 -1160722
-1670339 -1055771
-1927388 -538753
-1819908 -1009047
-1662475 -812917
-1780879 -907876
-1955962 -553862
-1792982 -446267
-2007044 -189492
-1995138 -397269
-1651428 -817985
-1610713 -1199371
-1749763 -697532
-1663289 -751902
-1594908 -1098011
-1988492 -145529
-1561028 -1038531
-1639829 -747875
-1668038 -580737
-1895882 -128728
-1932220 -587403
-1673888 -1034586
-1778127 -272682
-1928709 -604887
-1738118 -442035
-1797966 -421383
-1839435 -418605
-1420910 -1138133
-1819213 -256810
-1661546 -676208
-1715963 -476918
-1603140 -941389
-1659322 -1008706
-1941523 -366451
-1876513 -155131
-1892036 -178035
-1839130 -307410
-1750190 -754584
-1840717 -341162
-2010941 -182813
-1902434 -144240
-1970506 -94730
-1757256 -404728
-1864898 -510129
-1813782 -172656
-1767965 -692175
-1637246 -672109
-1967078 -94673
-1919665 -486360
-1843079 -548597
-1961312 -623093
-1600472 -1198266
-1935565 -430585
-1643565 -680867
-1749448 -269223
-1597276 -1044357
-1575659 -1138747
-1919278 -579872
-1683167 -668574
-1939035 -225684
-1693051 -631501
-1689530 -1005502
-1920971 -352722
-1486339 -1061702
-1938426 -577380
-1864707 -143949
-1720458 -349111
-1901620 -535072
-1904761 -570952
-1888934 -624063
-1687312 -1066336
-1549186 -1081061
-1843514 -545045
-1715007 -594056
-1652403 -135256
-1726736 -638799
-1871191 -387777
-1567939 -1171513
-1582013 -718170
-1552697 -1033804
-1826562 -167989
-1564333 -1191842
-1922230 -532797
-1441873 -1210059
-1649805 -1032451
-1931063 -294191
-1729527 -464794
-1830521 -638683
-1900411 -779520
-1504873 -1168600
-1638460 -1072571
-1906179 -150413
-1841667 -490167
-1638546 -769184
-1945225 -368721
-1555548 -1054248
-1999922 -303300
-1665515 -774271
-1900983 -537919
-1639850 -714135
-1621993 -1044785
-1996632 -357173
-1650239 -140556
-1791498 -965822
-1894086 -526403
-1690720 -1038805
-1733208 -489064
-1663491 -1020639
-1600719 -1113579
-1800606 -391403
-1662928 -1049295
-1578084 -1130347
-1611155 -1012879
-1725253 -1013414
-2002617 -172233
-1900953 -649641
-1868055 -104657
-1833163 -759297
-1946554 -546974
-1789363 -438735
-1728103 -729041
-1659282 -201387
-1647317 -1009462
-1633799 -1031326
-1941595 -240385
-1655498 -1064665
-1906435 -300272
-1610699 -1197831
-1897456 -233840
-1698682 -1101976
-1784479 -903097
-1392849 -1202742
-1982628 -198347
-1761136 -402186
-1782208 -346048
-1703870 -633792
-1821077 -136675
-1876407 -227465
-1916930 -310477
-1622073 -1078620
-1686565 -877881
-1915083 -409900
-1544232 -1039624
-1968143 -295441
-1911361 -533984
-1455389 -929986
-1517066 -1120421
-1697272 -963896
-1734703 -378441
-1705204 -621606
-1482449 -855692
-2009429 -354276
-1602996 -1201432
-1676446 -927245
-1612846 -623503
-1957042 -606454
-1682095 -1068688
-1687077 -318488
-1618223 -716737
-1638720 -1071599
-1606634 -1186574
-1781553 -661579
-1824031 -341869
-1545130 -962781
-1849917 -946370
-1939226 -318173
-1639146 -674726
-1782431 -286050
-1641589 -645066
-1856649 -115478
-1671762 -814646
-1790161 -515700
-1676695 -580179
-1696243 -606758
-1692919 -580824
-1565666 -1156612
-1773899 -435051
-1404964 -941719
-1816262 -295865
-1825550 -245416
-1579643 -1056897
-2005962 -373204
-1669378 -1059713
-1930018 -109336
-1714205 -880013
-1819011 -333467
-1770098 -496258
-1653043 -1065892
-1683972 -620210
-1739614 -350616
-1838329 -198474
-1482556 -900004
-1956010 -294438
-1558679 -1193885
-1652301 -671350
-1871563 -322407
-1656886 -1045141
-1904375 -279399
-1935262 -300525
-1939481 -215778
-1907996 -516864
-1723686 -556063
-1952086 -415012
-1817482 -353816
-1764950 -591891
-1693396 -627944
-1892366 -356771
-1667895 -1032170
-1980344 -467053
-1751178 -444002
-1958919 -468369
-1778744 -549100
-1824628 -358104
-1853145 -311126
-1836945 -903180
-1684864 -1043523
-1892964 -686641
-1590703 -1036265
-1850195 -647242
-1610551 -893445
-1741003 -404922
-1651904 -1071005
-1668683 -625673
-1533708 -1203169
-1889680 -771649
-1901718 -697739
-1767506 -617414
-1960897 -198096
-2000002 -313614
-1868168 -365900
-1586484 -637222
-1988179 -210046
-1584077 -1047776
-1486898 -870380
-1542160 -992127
-1640162 -882463
-1753728 -875873
-1717933 -207919
-1837591 -214261
-1750371 -365395
-1788718 -433348
-1504075 -781969
-1908742 -674128
-1881747 -708940
-1744274 -414860
-1498923 -1173142
-1795372 -267401
-1810925 -590275
-1704902 -662240
-1457666 -1206852
-1659028 -769367
-2009955 -264812
-1636817 -996054
-1792011 -186286
-1548777 -1084452
-1826384 -752472
-1756475 -406148
-1781801 -324479
-1748862 -192059
-1795203 -618730
-1659423 -860763
-1678340 -1063757
-1985407 -450051
-1627800 -743825
-1685216 -1017612
-1581339 -1106488
-1960130 -285372
-1964932 -216660
-1945578 -543246
-1830096 -89294
-1772442 -253372
-1948601 -291321
-1919530 -556130
-1467701 -1218588
-1685809 -667346
-1941008 -353680
-1879950 -625138
-1822890 -239533
-1673111 -202112
-1651365 -680313
-1968891 -386947
-1713177 -874818
-1767364 -551537
-1977774 -276994
-1977439 -181815
-1436875 -1236955
-1651521 -546140
-1583748 -806834
-1621675 -707387
-1755376 -457260
-1945786 -432014
-1853170 -701534
-1810082 -122751
-1816313 -809818
-1944027 -536581
-1563119 -1145227
-1977212 -449603
-1955561 -149819
-1940360 -378795
-1460528 -822474
-1929727 -604319
-1441509 -1084130
-1784185 -346779
-1605243 -778411
-1743726 -544927
-1944200 -452541
-1549537 -1045575
-1459115 -1231885
-1683150 -737742
-1649231 -1091045
-1848768 -228035
-1990620 -423622
-1506607 -1053106
-1775832 -417185
-1615755 -1099427
-1796327 -966035
-1744156 -994609
-1901813 -368463
-1788989 -398809
-1666427 -1038155
-1761021 -112968
-1567821 -1093312
-1868470 -425990
-1525932 -1180934
-1762264 -125824
-1551711 -1173195
-1968072 -330350
-1689586 -607172
-2011205 -401386
-1767605 -451786
-1980278 -208466
-1720144 -949708
-2002863 -327448
-1966616 -447571
-1760446 -471608
-1872122 -563280
-1638764 -727090
-1587745 -1177002
-1621930 -717904
-1762086 -619533
-1669318 -200254
-1754353 -445500
-1914792 -427586
-1977358 -431591
-1780420 -730839
-1922106 -384064
-1646510 -914042
-1733400 -456904
-1950390 -524893
-1631602 -1077889
-1978136 -166035
-1796319 -561016
-1569272 -996451
-1789160 -444182
-1575865 -1031560
-2006581 -200491
-1681078 -1047778
-1805961 -559979
-1685372 -574310
-1838771 -146918
-1649152 -827952
-1779577 -429726
-1774712 -405404
-1789805 -809717
-1995023 -373619
-1974288 -243385
-1646545 -554004
-1684502 -806612
-1775150 -234708
-1790591 -927540
-1464010 -1220031
-1973658 -448847
-1639124 -1054483
-1778275 -523141
-1899900 -422189
-1856165 -277412
-1758458 -519496
-1663928 -754965
-1919379 -598453
-1863039 -609577
-1685242 -699035
-1743507 -954278
-1690354 -234803
-1721122 -514020
-1513002 -1175601
-1728809 -944284
-1931845 -580194
-1676850 -713376
-1901886 -483767
-1637671 -911175
-1575611 -976821
-1638649 -683105
-1761258 -419450
-1527015 -1143024
-1662307 -1019633
-1926071 -537699
-1726359 -442216
-1996699 -421521
-1951210 -483744
-1987234 -415730
-1912278 -717887
-1952692 -66602
-1429035 -1228485
-1771518 -442598
-1534877 -1110067
-1728301 -751424
-1588469 -1135717
-1543346 -1185897
-1750056 -731563
-1628750 -1036359
-1433220 -1236369
-1511299 -818328
-1927754 -533977
-1419126 -1010777
-1648654 -1068483
-1746620 -379361
-1642646 -1047530
-1742391 -619804
-1555271 -1042263
-1830303 -284253
-1710818 -483599
-1795663 -414374
-1864526 -221100
-2019758 -384655
-1690903 -1001553
-1916917 -567508
-1730662 -941475
-1632607 -894489
-1533599 -1202687
-1780056 -451459
-1903857 -258983
-1775193 -336326
-1617245 -802679
-1721655 -235198
-1815568 -1010028
-1868596 -314482
-2008324 -180782
-2004184 -352851
-1674677 -1042512
-1845349 -940357
-1672394 -966306
-1660665 -891943
-1661901 -647610
-1770194 -695586
-1900667 -147518
-1942289 -537324
-1657032 -1027430
-1757903 -382448
-1889264 -520470
-1926835 -478843
-1727898 -482615
-1828521 -763986
