-1939520 -685604
-1883356 -422450
-1750443 -213400
-1678077 -572483
-1706676 -709615
-1928257 -417850
-1714525 -191323
-1738845 -366441
-1877636 -221190
-1733250 -857008
-1675083 -1000357
-1903708 -792149
-1782437 -324214
-1652716 -1020717
-1700434 -507509
-1701724 -772124
-1685229 -598105
-1841756 -350195
-1610179 -1197875
-1778732 -239188
-1681046 -1059935
-1449426 -941215
-1688756 -682289
-1875520 -134537
-1612260 -1130031
-1892086 -179707
-1826152 -584576
-1586864 -1148207
-1663773 -657646
-1904075 -493576
-1669640 -1048933
-1682949 -1044136
-1927000 -592379
-1459938 -988146
-2007040 -238150
-1724171 -360991
-1759023 -849311
-1527081 -965648
-1793956 -634793
-1739628 -511428
-1678193 -647037
-1747379 -257131
-1969058 -195286
-1540794 -1167000
-1777288 -1016354
-1917627 -218787
-1760527 -990201
-1944665 -517105
-1600472 -1198266
-2010439 -257828
-1830019 -531354
-1425431 -1177531
-1763175 -709030
-1677703 -967372
-1712627 -643009
-1767562 -377402
-1928642 -637896
-1688052 -692326
-1810932 -432134
-1955732 -520969
-1593393 -1201225
-1931127 -481903
-1785270 -143727
-1978521 -226243
-1924037 -568294
-1765486 -750044
-1686241 -597959
-1860362 -403132
-1600373 -1114408
-1740350 -414995
-1896542 -261761
-1691234 -311161
-1652992 -587949
-1685060 -746650
-1720672 -719378
-1739267 -681100
-1595151 -654084
-1928458 -725995
-1712513 -395704
-1797632 -303642
-2007722 -272194
-1703896 -622463
-1654257 -155255
-1671113 -185969
-1854615 -286759
-1714304 -986765
-1685265 -1067642
-1451345 -967750
-1934933 -527018
-1467108 -1183407
-1801821 -890753
-1675383 -846398
-1620513 -629355
-1844154 -718713
-1710597 -270049
-1649320 -790879
-1586589 -1042804
-1801391 -383220
-1902358 -647723
-1799414 -487993
-1883986 -150599
-1314101 -1085016
-2015836 -183357
-1696675 -341930
-1947550 -253013
-1695237 -644814
-2012753 -231845
-1852869 -80062
-1667333 -727352
-1958468 -212577
-1689282 -1037858
-1318940 -1040165
-1435764 -931856
-1931522 -678992
-1997956 -170373
-1850713 -403894
-1895905 -580462
-1650947 -824376
-1541639 -1166424
-1765823 -553239
-1940824 -628808
-1711903 -996886
-1753933 -441568
-1771744 -400622
-1541881 -1187319
-1660941 -725232
-1942384 -149940
-1849125 -895305
-1593843 -1214732
-1925436 -464449
-1778734 -960622
-1791082 -526781
-1705182 -887050
-1946136 -415873
-1627558 -766128
-1322259 -1028909
-1598558 -1222489
-1655089 -803797
-1913191 -619472
-1875230 -142858
-1471423 -889922
-1873041 -375232
-1678900 -503805
-1547852 -1149867
-1946561 -125613
-1975710 -200277
-1793527 -966196
-1767837 -162269
-1529695 -1081607
-1571496 -957724
-1600813 -1146438
-1676961 -1053305
-1903568 -639621
-1918914 -558071
-1924411 -713043
-2015973 -348647
-1742137 -987934
-1908439 -543644
-1978612 -197903
-1919419 -484524
-1676412 -964397
-1910298 -450116
-1687990 -1009932
-1751431 -484218
-1930779 -254198
-1768397 -552557
-1940282 -433482
-1833049 -213041
-1543091 -1168117
-1995143 -390553
-1811241 -469745
-1969627 -129201
-1844323 -845839
-1803744 -449775
-1960709 -500538
-1860807 -178268
-1721557 -859428
-1916534 -604441
-1913634 -733447
-1838449 -529712
-1898494 -301144
-1622222 -732823
-1678030 -1031520
-1626232 -603714
-1868619 -314476
-1597280 -1062881
-1922498 -460461
-1679403 -671816
-1835034 -572059
-1681931 -622512
-1946884 -546301
-1780126 -970815
-1964899 -434052
-1778251 -271264
-1957037 -590980
-1948025 -246737
-1845465 -96591
-1532924 -1194020
-1677241 -720444
-1966788 -142936
-1692572 -1021515
-1646747 -1080301
-1951903 -439456
-1940078 -131990
-1592611 -1094609
-1955778 -570465
-1725241 -186032
-1739041 -630369
-1826219 -751971
-1933558 -716499
-1791753 -780429
-1649083 -144507
-1788850 -966453
-1902182 -563799
-1689905 -140531
-1930279 -537921
-1873146 -929253
-1605762 -674857
-1676881 -551047
-1741357 -246979
-1881377 -94961
-1867851 -106241
-1741784 -523304
-1921445 -631872
-1852991 -449393
-1869478 -621072
-1861077 -648153
-1577501 -1047215
-1749793 -349108
-1522250 -1083246
-1826153 -761195
-1889036 -161069
-1967378 -441916
-1807585 -117824
-1533590 -843381
-1912713 -389403
-1870175 -533512
-1937451 -434770
-1929910 -609710
-1820530 -353832
-1922571 -603602
-1850357 -221413
-1657610 -806305
-1859417 -238264
-1680699 -1022826
-1812763 -501106
-1719812 -562607
-1880637 -537709
-1629790 -1089390
-1831438 -752858
-1883521 -620751
-1823369 -346752
-1950923 -307897
-1751931 -956030
-1982844 -213680
-1497216 -1090027
-1872696 -586653
-1759389 -608151
-1972035 -506531
-1380718 -1044560
-1665946 -992025
-1549711 -1016253
-1670244 -815309
-1897723 -271589
-1646957 -860414
-1949052 -517650
-1767557 -445833
-1972799 -454143
-1849036 -379087
-1865298 -405553
-1681188 -1027434
-1935946 -439527
-1865911 -457712
-1607911 -1114509
-1884290 -587606
-1885792 -84961
-1566871 -1154228
-1793156 -632851
-1809468 -875311
-1593549 -1215610
-1799919 -388917
-1716358 -1092347
-1860693 -878328
-1797976 -319424
-1565001 -1045504
-1700391 -891483
-1645002 -695130
-1875513 -594932
-1641039 -1039944
-1895544 -103365
-1749433 -800367
-1754182 -705389
-2013790 -218588
-1922623 -419247
-1840653 -77199
-1862518 -308974
-1939204 -572395
-1606223 -710723
-1906626 -254623
-1636285 -1103920
-1808202 -873294
-1628811 -694943
-1474397 -1079229
-1817344 -355785
-1938436 -412990
-1702970 -1099318
-1817172 -741173
-1846207 -667543
-1923299 -722269
-1768178 -200953
-1912624 -130355
-1867824 -80713
-1659099 -854491
-1770758 -97227
-2013595 -245109
-1745449 -555980
-1905835 -137752
-1650901 -1017380
-1888702 -101319
-1924614 -553637
-1906719 -479337
-2012851 -326633
-1466071 -1230527
-1904939 -597129
-1678460 -955859
-1964850 -447463
-1829564 -250118
-1688462 -1013501
-1956516 -437588
-1440809 -976597
-1991980 -394921
-1913573 -604988
-1863969 -700210
-1717618 -178228
-1525087 -794963
-1619026 -1125587
-1738556 -128821
-1593488 -1221224
-1939115 -703301
-1785610 -568653
-1715489 -327160
-1659750 -167302
-1542855 -1189138
-1611184 -1099472
-1800806 -429986
-1716589 -1014495
-1648928 -1070194
-1668468 -1016032
-1734040 -243146
-1825696 -335392
-2006045 -318239
-1827715 -644628
-1730123 -471144
-1990460 -185673
-1815284 -370601
-1769033 -367671
-1653581 -1043678
-1823697 -365537
-1654550 -1047767
-1706288 -334919
-1936573 -524142
-1724262 -519861
-1816896 -581490
-1778937 -325914
-1569391 -1029367
-2006637 -359072
-1865071 -216480
-1407825 -971605
-1910899 -673197
-1726987 -244701
-1582607 -1193442
-1863720 -605319
-1692896 -313594
-1694673 -558062
-1756980 -119747
-1847956 -930465
-1834014 -262220
-1895717 -137152
-1663454 -1033839
-1740906 -640354
-2034939 -201517
-1947788 -543758
-1749950 -193443
-1896174 -593480
-1953447 -64871
-1664850 -137049
-1904374 -359629
-1651358 -1002729
-1637465 -140775
-1622454 -740485
-1770004 -853845
-1915786 -649386
-1911891 -334991
-1825727 -935650
-1816307 -800975
-1916604 -558447
-1679355 -685390
-1647671 -915623
-1927303 -540292
-1689174 -274688
-1999429 -386239
-1776850 -527926
-1933531 -358937
-1858769 -868496
-1773089 -901495
-1922087 -741021
-1601868 -1118133
-1839160 -97588
-1784915 -263648
-1863229 -103494
-1882734 -154303
-1623995 -947525
-1934216 -438303
-1651505 -1050104
-1970750 -113113
-1859460 -849823
-1797936 -276535
-1740975 -318064
-1694935 -1015571
-1668456 -1060073
-1929952 -71954
-1681036 -569384
-1789901 -434580
-1420910 -1138133
-1878759 -80728
-1674678 -887145
-1402893 -982107
-1908269 -543465
-1906955 -470338
-1700773 -1024779
-1912928 -320976
-2014222 -360740
-1872281 -155282
-1683340 -1071325
-2000958 -209936
-1751971 -299454
-1556906 -876397
-1689113 -670802
-1959457 -387899
-1939822 -386780
-1975822 -326967
-1650006 -865155
-1880034 -121287
-1632412 -784525
-1985004 -351100
-1638401 -679411
-1489886 -1181848
-1623603 -726545
-2000075 -355632
-1888796 -545447
-1759155 -434586
-1674163 -618073
-1730261 -462785
-1888445 -724437
-1675121 -1003451
-1928347 -264572
-1747907 -607964
-1679120 -1037893
-1725908 -565966
-1919665 -378710
-1574155 -1032419
-1680556 -132933
-1992286 -249849
-1807310 -573897
-1634040 -1005193
-1952647 -151804
-1944572 -543720
-1577052 -1131754
-1900333 -449173
-1778970 -337676
-1824346 -463715
-1610563 -1027473
-1910910 -628354
-1999304 -238385
-1736511 -171140
-1865210 -365523
-1782067 -323990
-1856070 -181818
-1557190 -1054133
-1737512 -698689
-1768167 -388099
-1592796 -1208555
-1407339 -946397
-1612873 -1104355
-1678221 -981196
-1903142 -653136
-1937394 -278702
-1636144 -654142
-1809380 -956183
-1791443 -441949
-1781809 -957348
-1645671 -667090
-1819041 -451235
-1820649 -690718
-1912862 -576795
-1548020 -1093643
-1713177 -874818
-1662043 -973890
-1740260 -880515
-1948167 -595860
-1912402 -403579
-1868252 -472083
-1805271 -208011
-1835267 -737239
-1650195 -733988
-1895933 -762102
-1811700 -942919
-1707004 -923363
-1803674 -620450
-1649932 -983549
-1780522 -812747
-1949791 -612040
-1763510 -684235
-1603132 -1194980
-1742299 -354000
-1873237 -390213
-1963916 -40079
-1776092 -97984
-1800601 -196482
-1961085 -518749
-2008666 -233875
-1895277 -109128
-1768556 -578444
-1884026 -413136
-1589711 -1051809
-1958347 -252129
-1742209 -360859
-1646536 -805948
-1797310 -408509
-1677859 -1027190
-1852042 -73555
-1905597 -597755
-1572846 -690468
-1524574 -1100912
-1602682 -1186758
-1937270 -379939
-1947380 -544614
-1841014 -766423
-1875581 -367041
-1857151 -565241
-1789072 -528868
-1675111 -1058298
-1692874 -978899
-1848645 -472221
-1839516 -88317
-1924325 -615548
-1498833 -1125304
-1643417 -1036048
-1892327 -343631
-1578130 -1131188
-1866047 -192833
-1639605 -1075579
-1454211 -1215365
-1832111 -468501
-1943537 -410048
-1613073 -1143483
-1656284 -1040402
-1625950 -1005735
-1946111 -398700
-1905751 -614021
-1795833 -457018
-1676083 -726407
-1562411 -1213268
-1675076 -695811
-1954239 -155978
-1978064 -460039
-1772562 -614582
-1835672 -938757
-1819070 -884881
-1827447 -921398
-1857931 -535501
-1935809 -289961
-1779965 -448531
-1914830 -715570
-1887975 -524491
-1654228 -742949
-1943311 -403028
-1692203 -801211
-1837438 -470072
-1461134 -1114783
-1688252 -574097
-1513002 -1175601
-1913827 -398752
-1689207 -234101
-1309242 -1066911
-1727898 -482615
-1901477 -518491
-1787029 -372264
-1922094 -127023
-1943186 -318904
-1331057 -1013556
-1871549 -807739
-1910778 -276492
-1864454 -88704
-1541598 -1200139
-1838144 -633347
-1748246 -465131
-1853160 -650285
-1707844 -651876
-1655686 -977760
-1927761 -440221
-1789953 -401448
-1718671 -786726
-1996718 -362244
-1931458 -275112
-1527440 -830535
-1603646 -817712
-1757357 -953203
-1486898 -1142409
-1728269 -886469
-1947435 -353315
-1945140 -308806
-2011597 -324864
-1931717 -295978
-1650995 -1089307
-1739946 -292282
-1786696 -265360
-1725690 -473630
-1764360 -487115
-1718754 -614406
-1789157 -529648
-1859969 -538430
-1720166 -412708
-1707514 -528398
-1845979 -640932
-1782025 -444947
-1909948 -319950
-1857085 -783924
-1708750 -522855
-1930092 -582125
-1693356 -1113525
-1829973 -907962
-1780029 -542399
-1837705 -407578
-1649346 -979880
-1970325 -358231
-1811560 -740185
-1775305 -481395
-1650239 -694373
-1897453 -152224
-1742894 -793458
-1661516 -990722
-1670867 -835202
-1706550 -993787
-1929215 -539151
-1931731 -576939
-1810549 -179304
-1922992 -638562
-1695604 -1014090
-1947196 -499412
-1760485 -784133
-1613381 -1067736
-1837448 -531326
-1667546 -1061315
-1676324 -1005338
-1978850 -450814
-1714306 -1096066
-1760121 -981466
-1915919 -602163
-1953953 -139627
-1688954 -1054675
-1613800 -770558
-1745501 -477198
-1892046 -136474
-1664483 -992633
-1857477 -395637
-1851570 -295808
-1924289 -582333
-1940770 -380522
-1771477 -434972
-1561905 -1029837
-1826198 -644922
-1676514 -166257
-1896252 -585225
-1754052 -864595
-1627395 -804963
-1757319 -433358
-1947901 -557082
-1740841 -792324
-1909840 -693267
-1938959 -123084
-1890907 -99014
-1899837 -421464
-1651845 -561329
-1964996 -252202
-1798327 -961134
-1604899 -1167652
-1705301 -796958
-1664156 -1053897
-1786562 -432851
-1802806 -876078
-1711947 -302017
-1822256 -573560
-1885948 -798304
-1740974 -753744
-1834686 -188795
-1729421 -439203
-1914449 -624375
-1852647 -259300
-1758064 -579284
-1702257 -370704
-1590489 -1206287
-1999184 -222497
-1780077 -369049
-1662339 -641268
-1801545 -403340
-1440164 -1193509
-1778376 -450707
-1605452 -1151277
-1712909 -1000335
-1954167 -573720
-1930095 -460301
-1956474 -182313
-1992723 -306722
-1388907 -1195835
-1806329 -402298
-1943738 -539275
-1839933 -883010
-1873077 -158813
-1718416 -508134
-1900490 -748275
-1444095 -1119844
-1824910 -432023
-1930144 -529413
-1530296 -1213735
-1822872 -285710
-1968204 -77170
-1760866 -199763
-1820800 -576889
-1982861 -133366
-1642827 -713457
-1686939 -953798
-1764353 -313045
-1904138 -215121
-1682531 -499285
-1640015 -607819
-1550195 -1183342
-1897106 -198516
-1910136 -517339
-1449268 -1230699
-1926702 -605629
-1963207 -271184
-1780665 -970783
-1831730 -841867
-1826313 -592199
-1716211 -551732
-1915008 -143913
-1704533 -550242
-1608938 -1149766
-1782706 -789445
-1718174 -295735
-1719812 -966984
-2029757 -218887
-1667454 -912712
-1547924 -938977
-1608511 -1154929
-1355801 -1236578
-1602725 -838534
-1751420 -402477
-1932674 -418313
-1632611 -1034236
-1847709 -891031
-1713272 -155860
-1541824 -987181
-1797881 -498692
-1921358 -589929
-2029185 -218673
-1939316 -686432
-1339478 -1132321
-1571061 -1178437
-1915619 -428775
-1752327 -780460
-1886778 -70668
-1916574 -142248
-1481270 -1032018
-1435670 -1234700
-1903624 -83717
-1583598 -1206175
-1826863 -87042
-1516329 -1083475
-1757924 -989316
-1808266 -203894
-1475284 -825678
-1736456 -647348
-1804820 -922899
-1572380 -988009
-1806598 -244459
-1667316 -821374
-1656854 -132612
-1825559 -304872
-1580241 -1046995
-1780330 -359597
-1718568 -188302
-1796425 -266052
-1626857 -1039545
-1431704 -1178231
-1622170 -1053591
-1785646 -374268
-2007370 -332893
-1694079 -652357
-1916882 -325284
-1674106 -593165
-1821494 -349642
-1659857 -1053253
-1791148 -461770
-1693216 -1006389
-1872159 -374089
-1551414 -1045760
-1760980 -124884
-2017806 -389069
-1885788 -265444
-1905738 -587646
-1627796 -1046010
-1730380 -503019
-1512504 -966228
-1727344 -227798
-1826833 -102981
-1675156 -1031078
-1688704 -962340
-1737734 -409122
-1911732 -760002
-1612577 -1140055
-1770334 -206688
-1793990 -371645
-1443538 -1072065
-1644014 -878155
-1844580 -282798
-1722141 -684665
-1772984 -945769
-1664314 -1019793
-1736926 -332309
-1826562 -897132
-1588065 -1043758
-1854913 -319642
-1696252 -762936
-1902592 -433414
-1879901 -603884
-1988085 -432009
-2018634 -234215
-1953790 -515478
-1935546 -398742
-1795694 -181661
-1837040 -174196
-1376455 -1129776
-1805467 -753499
-1439969 -1187619
-1845158 -881996
-1699486 -610956
-1548010 -1053953
-1946269 -165399
-1790200 -568893
-1859817 -195513
-1599931 -1202470
-1643473 -1063217
-1514834 -1057238
-1811220 -442826
-1785927 -784860
-1861647 -827344
-1766694 -394390
-1943706 -453974
-1940259 -260121
-1823888 -376980
-1684964 -144546
-1567910 -1026108
-1664473 -893786
-1646156 -728618
-1973852 -110369
-1907781 -117328
-1597511 -1061034
-1829947 -205085
-1571462 -1217558
-1704433 -123508
-1407465 -923959
-1970958 -436613
-1689281 -546214
-1519984 -824433
-1645748 -1040191
-1584263 -1156834
-1696030 -499927
-1664622 -700659
-1591581 -1214657
-1562623 -1047852
-1908890 -320834
-1834842 -321616
-1564497 -1220524
-1781877 -942956
-1537733 -1042861
-1701135 -404991
-1862806 -932896
-1744715 -600060
-1977110 -449503
-1509628 -800381
-1664440 -210312
-1956328 -402240
-1725522 -472904
-1938598 -589159
-1627225 -604536
-1920225 -538217
-1902190 -432041
-1544367 -1133193
-1823210 -280167
-1458456 -1198832
-1659639 -1030277
-1914825 -169139
-1891029 -561833
-1591691 -746517
-2029378 -216232
-1655498 -1064665
-1973658 -448847
-1967293 -61526
-1553412 -1050491
-1758234 -306553
-1856995 -313609
-1582326 -1088790
-1853841 -204454
-1467390 -1211088
-1926484 -621204
-1715376 -773786
-1631665 -743495
-1719390 -452960
-1933771 -236322
-1933737 -109586
-2004396 -312232
-1663741 -259176
-1715663 -302959
-1614927 -1024587
-1560383 -1028888
-2003396 -293314
-1752411 -510007
-1771315 -440116
-1670960 -896293
-1773008 -353745
-1583854 -1158807
-1756360 -700995
-1803567 -943357
-1549189 -1037198
-1684958 -1049199
-1966544 -45305
-1971664 -214023
-1880413 -161006
-1817817 -569067
-1771299 -326068
-1789194 -429145
-1959915 -175748
-1944768 -529598
-1431870 -1206912
-1595485 -1197555
-1587184 -1086084
-1948792 -304012
-1877963 -835368
-1608276 -646339
-1792269 -506048
-1774992 -469129
-1854423 -878019
-1693033 -1004814
-1908325 -712132
-1615603 -601190
-1598355 -733855
-1843886 -561005
-1679329 -1063065
-1549892 -1048402
-1665304 -1064587
-1736413 -178731
-1904549 -600644
-1789261 -414128
-1797926 -733238
-1795083 -947975
-1512681 -1129206
-1996449 -433393
-1493287 -849060
-1914834 -252219
-1664397 -837114
-1557618 -1156564
-1769816 -387862
-1609539 -1196527
-1863427 -844473
-2002410 -223600
-1651668 -547603
-1946058 -137970
-1620242 -598855
-1856082 -891460
-1818040 -593826
-1832096 -949545
-1533925 -1171943
-1723847 -225916
-1761433 -304072
-2005547 -219971
-1910778 -544099
-1635945 -1075983
-1631358 -1089246
-1444704 -1214866
-1769141 -143756
-1752815 -730065
-1977053 -338547
-1817633 -1010645
-1711718 -138221
-1740409 -477619
-1531232 -1135806
-1565661 -850995
-1626824 -696124
-1976208 -247037
-1943620 -544018
-2016939 -225250
-1678075 -712741
-1860768 -590910
-1607874 -1108051
-1726558 -460897
-1903894 -578171
-1909913 -297174
-1728479 -500230
-1876650 -451984
-1672984 -555902
-1651813 -1072858
-1922168 -318752
-1722654 -529244
-1775978 -364052
-1937747 -681069
-1904564 -137217
-1633171 -710284
-1940624 -587407
-1648228 -1037378
-1638364 -1008116
-1934419 -634778
-1743886 -713986
-1954550 -128636
-1918106 -145759
-1913621 -199030
-1606185 -1057952
-1930622 -589260
-1893375 -622330
-1786399 -389239
-1577662 -1123786
-2005249 -259208
-1963452 -516690
-1881267 -90058
-1675859 -896648
-1774410 -971818
-1842999 -301827
-1910909 -447009
-1929500 -593626
-1892439 -139961
-1763847 -271851
-2004864 -225653
-1729135 -1019219
-1654637 -1046325
-1833493 -298507
-1689941 -1017953
-1970045 -511557
-1940173 -523170
-1904060 -191178
-1685872 -1014870
-1688249 -1026658
-1644361 -1070356
-2002617 -172233
-1894937 -63701
-1749612 -712118
-1906480 -587703
-1758459 -367086
-1645040 -1056243
-1609633 -1142781
-1635531 -1036041
-1715560 -724451
-1606782 -1034716
-1614285 -1040611
-1747347 -328035
-1874811 -177757
-1869073 -406194
-1844178 -476055
-1603913 -1203889
-1681493 -1041357
-1936173 -325892
-1933080 -490459
-1443681 -1173856
-1968823 -202320
-1563016 -1104341
-1663523 -668080
-2006166 -211961
-1798083 -302748
-1816376 -108238
-1919108 -366160
-1960867 -204511
-1440159 -926134
-1653961 -767504
-1554732 -863737
-1628449 -697312
-1829314 -481266
-1950749 -537509
-1898321 -494804
-1868596 -314482
-1723876 -418628
-1945995 -560741
-1875028 -828282
-1803221 -306711
-1628054 -1029557
-1856502 -174800
-1313953 -1092020
-1681141 -877686
-1516639 -1064970
-1490399 -959989
-1694654 -802105
-1902757 -278340
-1867129 -585820
-1865496 -469674
-1964733 -515649
-1969401 -112581
-1597019 -1211031
-1691767 -1036704
-1920186 -502634
-1790548 -746728
-1977999 -334829
-1659724 -1030448
-1888105 -212815
-1700439 -304374
-1788097 -221929
-1852463 -720582
-1894967 -70422
-1917224 -673653
-1790491 -736619
-1966819 -218989
-1893764 -368139
-1726289 -549956
-1832592 -930590
-1829614 -911876
-1709877 -683427
-1659189 -1013228
-1871582 -222753
-1858264 -381495
-1925613 -587832
-1917084 -197627
-1798372 -574397
-1650144 -902465
-1824893 -1006923
-1764990 -482691
-1962984 -384870
-1747426 -248564
-1928850 -582885
-1805006 -439933
-1816553 -462305
-1910515 -401816
-1709548 -466770
-1634682 -620826
-1798554 -964770
-1641442 -1028192
-1708970 -1105294
-1761901 -369242
-1582514 -662610
-1536984 -1095104
-1675040 -990138
-1818009 -163044
-1713259 -712542
-1661380 -552031
-1650057 -1022561
-1788444 -443662
-1581111 -1204067
-1963464 -387582
-1664665 -175099
-1883829 -230883
-1742161 -235512
-1683905 -603969
-1829831 -182558
-1971758 -300412
-2017354 -198971
-1652531 -1013324
-1817065 -347134
-1893652 -190439
-1680681 -730014
-1725157 -316918
-1730104 -977632
-1759581 -120039
-1911076 -581627
-1673471 -896013
-1683697 -514650
-1951105 -457499
-1689635 -504394
-1955819 -570131
-1850825 -539962
-1923472 -623311
-1909297 -619528
-1761351 -118589
-1684868 -167188
-1695124 -833905
-1881922 -231946
-1848095 -809967
-1855841 -375163
-1965680 -333355
-1928671 -207145
-2002900 -332279
-1917928 -269538
-1921020 -235411
-1836425 -646549
-1859914 -237413
-1741857 -613898
-1677300 -827545
-1725031 -556851
-1979405 -121187
-1594616 -1210608
-1680984 -1028651
-1612715 -983885
-1951615 -149185
-1552978 -1032927
-1971786 -245986
-1805965 -101398
-1907458 -608060
-1724923 -515316
-1895912 -453847
-1907378 -659842
-1561609 -1163535
-1683340 -1071325
-1886042 -795943
-1351817 -1220349
-1715305 -605540
-1682937 -595367
-1763930 -186567
-1881501 -663545
-1673547 -1040324
-1715040 -411852
-1638341 -1047636
-1671665 -619651
-1897842 -492615
-1537629 -1030751
-1914015 -238615
-1905551 -515570
-1975966 -332150
-1366395 -983241
-1765697 -763102
-1568646 -1225198
-1948651 -82114
-1794381 -782271
-1875998 -223697
-1933942 -61006
-1816605 -469586
-1656020 -855437
-1809302 -816631
-1913353 -566390
-1896801 -495382
-1519746 -1046281
-1803913 -568072
-1928258 -454164
-1546136 -1059279
-1936636 -257969
-1946270 -538600
-1965381 -87269
-1744997 -587269
-1643560 -1075078
-1770988 -339620
-1672944 -1064910
-1789891 -293066
-1943177 -248586
-1701976 -417073
-1823191 -740361
-1684112 -970312
-1728613 -465504
-1941109 -183650
-1819784 -733450
-1739499 -388118
-1957905 -432435
-1939290 -614352
-1802175 -682787
-1766672 -492101
-1901820 -535372
-1707609 -822685
-1794846 -193350
-1849867 -113668
-1938563 -324780
-1930099 -604700
-1802115 -573662
-1882646 -584478
-1844386 -98618
-1902179 -591441
-1446142 -1222782
-1883690 -588538
-1439122 -1186929
-1529159 -1172505
-1919986 -304969
-1879953 -90444
-1934992 -495767
-1681858 -619087
-1675970 -564726
-1913493 -606297
-1783426 -436012
-1703700 -1006284
-1762841 -793764
-1942078 -416222
-1811295 -913937
-1931890 -707211
-1804223 -105929
-1950120 -424698
-1659055 -1018953
-1712061 -466819
-1352741 -1155181
-1719096 -461611
-1810539 -558380
-1595692 -1061761
-1735563 -843963
-1603660 -839534
-1753937 -812124
-1667833 -880948
-1760188 -505766
-1808497 -893207
-1547863 -770399
-1845466 -201900
-1700113 -1015043
-1599209 -1204192
-1806106 -546539
-1965911 -179832
-1899792 -532158
-1694720 -656793
-1902430 -545607
-1748795 -160803
-1567925 -1225311
-1955383 -348841
-1472135 -1006643
-1676216 -184087
-1769871 -296859
-1664029 -1023273
-1803379 -466411
-1945213 -579466
-1984352 -357717
-1958510 -205574
-1923626 -454172
-1726760 -290599
-2010705 -183669
-1967592 -393318
-1885319 -176251
-1893828 -605429
-1734881 -303267
-1815600 -606730
-1730764 -420091
-1640223 -1070297
-1908693 -525566
-1879487 -628537
-1786860 -558052
-1767431 -231272
-1696964 -621575
-1733802 -705549
-1915509 -361813
-1664340 -860799
-1721360 -608761
-1674402 -231968
-1956177 -386968
-1592150 -1182462
-1729262 -903080
-1647159 -774414
-1758578 -295854
-1337154 -1040063
-1989314 -143222
-1967139 -181870
-1725868 -540502
-1742556 -211150
-1859852 -649469
-1821890 -275884
-1845407 -536739
-1914128 -520011
-1693796 -501144
-1561313 -1208644
-1933249 -487636
-1899702 -283066
-1760632 -797324
-1784974 -250812
-1795848 -362533
-1606359 -1175857
-1918604 -375422
-1941173 -149555
-1995922 -288178
-1578903 -1047777
-1626531 -922479
-1708281 -529169
-1680165 -560405
-1938871 -525017
-1864453 -527778
-1746025 -146082
-1840562 -409189
-1766428 -557664
-1656886 -1045141
-1926438 -453739
-1715669 -960000
-1880500 -82555
-1941746 -354148
-1384721 -1027770
-1906941 -505584
-1746467 -614838
-1868935 -261903
-1684389 -1067171
-1963171 -402533
-1948705 -513486
-1793864 -504128
-1905718 -97204
-1822915 -189565
-1693486 -752639
-1788935 -378318
-1919802 -536045
-1945317 -542125
-1687332 -628974
-1645508 -827183
-1674253 -1044219
-1587305 -1105638
-1750387 -703187
-1673471 -1021797
-1603948 -1064545
-1603965 -1196824
-1681105 -633733
-1863098 -536758
-1693873 -1038261
-1936029 -125721
-1787716 -914225
-1914279 -368596
-1689013 -917782
-1766621 -318009
-1638575 -1080222
-1642342 -1076508
-1677744 -522727
-1899058 -111425
-1892115 -564403
-1496401 -1176862
-1878369 -716044
-1750078 -395058
-1577891 -1191848
-1651941 -639902
-1894071 -259134
-1610123 -930369
-1793600 -556874
-1777738 -215291
-1807379 -782439
-1647798 -802173
-1901862 -660161
-1841930 -177669
-1706426 -874186
-1945564 -149150
-1913957 -303008
-1968698 -372322
-1990238 -162992
-1876645 -479979
-1818894 -766502
-1623336 -1086907
-1785767 -355622
-1708361 -992584
-1579756 -1032677
-1671784 -1064721
-1726133 -460235
-1698719 -777947
-1685710 -923097
-1869927 -392996
-1648698 -791432
-1875367 -707531
-1915241 -409371
-1702132 -1010027
-1900976 -122294
-1948483 -520779
-1772356 -567659
-1804044 -337595
-1674219 -1051282
-1428597 -979486
-1845288 -475340
-1420930 -977098
-1701152 -613649
-1933535 -462854
-1641184 -1066142
-1572505 -1064109
-1830203 -299087
-1779893 -643513
-1505433 -1113581
-1981269 -354439
-1526485 -1136367
-1651021 -873648
-1736695 -368405
-1588484 -1177890
-1645613 -1041390
-1578040 -1046757
-1949664 -267485
-1954595 -302737
-1860746 -97921
-1560300 -1143687
-1662024 -1021118
-1985903 -449583
-1500787 -1097570
-1817247 -904901
-1969885 -105748
-1928450 -406061
-1689378 -992707
-1726188 -975486
-1909375 -109185
-1934572 -674340
-1558762 -1154415
-1790375 -206895
-1582258 -1184951
-1669086 -1013079
-1995211 -214163
-1844097 -474726
-1682514 -771218
-1944209 -544854
-1876871 -184293
-1934173 -633783
-1675773 -161118
-1647190 -872155
-1835269 -887263
-1666649 -553968
-1464726 -843618
-1534509 -1090845
-1890521 -496295
-1890776 -112855
-1427911 -1232010
-1739669 -621591
-1668547 -1019496
-1784608 -780972
-1955887 -500610
-1906750 -519139
-1807663 -247942
-1848955 -279905
-1924098 -628192
-1660702 -1045195
-1989015 -416734
-1799229 -692993
-1619151 -623815
-1811926 -375523
-1534820 -1208104
-1935912 -624198
-1666706 -1037176
-1584240 -1201451
-1723707 -531254
-1635528 -1082357
-1760933 -539042
-1677708 -623608
-1726947 -522522
-1906859 -430902
-1664559 -1010657
-1563032 -1028911
-1739720 -435028
-1887630 -629069
-1688879 -1012584
-1769339 -174275
-1663183 -672359
-1678039 -865125
-1779556 -938483
-1827359 -267155
-1679888 -1054527
-1669155 -668772
-1687937 -477908
-1668841 -707888
-1935922 -469579
-1718098 -478083
-1633086 -1110345
-1803610 -492902
-1923576 -432871
-1820353 -779971
-1876243 -707046
-1703826 -495267
-1664169 -594177
-1816661 -322376
-1584787 -1046555
-1926508 -702875
-1919266 -483244
-1766540 -470947
-1908028 -617748
-1690850 -1045835
-1654699 -540033
-1756710 -447782
-1945381 -459349
-1530054 -1189586
-1768095 -278928
-1815435 -833751
-1938838 -482968
-1910258 -552808
-1884359 -165733
-1965065 -158244
-1705908 -1020996
-1583809 -1204087
-1746275 -437175
-1751016 -498223
-1659469 -731801
-1920008 -553647
-1638764 -727090
-1714353 -623802
-1948204 -422496
-1659142 -799164
-1932559 -322174
-1631508 -1088930
-1653860 -800900
-1781848 -404697
-1687437 -1037096
-1693743 -654030
-1664310 -1035835
-1790783 -146308
-1862136 -760934
-1399932 -941560
-1587760 -872188
-1779428 -313303
-1550411 -1139977
-1658478 -1021072
-1703788 -971680
-1950814 -374364
-1758947 -433613
-1650381 -697202
-1628465 -951301
-1955716 -69654
-1876688 -380644
-1783856 -168450
-1924360 -267935
-1926243 -107116
-1775293 -960801
-1677659 -565311
-1477142 -1081907
-1856665 -287932
-1554843 -1214115
-1965831 -253546
-1722983 -347120
-1684240 -1066539
-1568612 -1087289
-1836324 -931042
-1881927 -790699
-1712002 -1026721
-1940448 -157350
-1595292 -1126337
-1922844 -529597
-1700166 -773156
-1788162 -567427
-1961060 -186271
-1600910 -1194523
-1830385 -536267
-1839429 -430291
-1466358 -1212661
-1819049 -201139
-1722487 -457531
-1794549 -371046
-1960838 -436124
-1770358 -423709
-1670834 -1060217
-1794760 -546929
-1742669 -251489
-1881681 -156911
-1750436 -437267
-1646434 -567952
-1622094 -759385
-1655121 -1033160
-1773212 -420722
-1972579 -66910
-1864375 -754628
-1885546 -271078
-1863759 -789801
-1787508 -248034
-1642271 -810587
-1442395 -1202565
-1811672 -575145
-1684716 -957024
-1798537 -454673
-1957944 -240976
-1637924 -1014061
-1911415 -666343
-1628044 -906478
-1866990 -71251
-1888036 -529335
-1984047 -214423
-1960062 -124326
-1951744 -576556
-1466468 -1179700
-1638019 -686205
-1990214 -234757
-1622745 -694950
-1910546 -644400
-1740445 -444425
-1728690 -650068
-1674775 -1042079
-1892111 -96613
-1988916 -425675
-1682435 -958804
-1773024 -143019
-1811215 -627717
-1737007 -486767
-1816251 -558408
-1803768 -618056
-1923695 -555759
-1539348 -1174551
-1838516 -513856
-1591844 -1121218
-1785969 -518701
-1613632 -1062663
-1898050 -646947
-1552292 -1221505
-1985182 -238781
-1764459 -310541
-1865890 -609626
-1794717 -149000
-1766123 -269992
-1779198 -953834
-1837059 -143293
-1955916 -526051
-1451603 -1214061
-1920577 -133261
-1850219 -86924
-1687536 -1015132
-1603838 -1194646
-1773898 -334031
-1681538 -1022323
-1680159 -1043740
-1701001 -1012183
-1719167 -544232
-1696177 -723526
-1821168 -356461
-1785779 -567778
-1612569 -1019118
-1741170 -276539
-1824881 -642954
-1772442 -253372
-1621040 -792801
-1939029 -391408
-1784423 -560179
-1700530 -348521
-1839130 -307410
-1834005 -122343
-1817630 -888678
-1400082 -972796
-1810217 -301953
-1648424 -642595
-1893192 -739546
-1762656 -540688
-1954731 -180656
-1792536 -402311
-1803915 -337565
-1956542 -204927
-1602880 -1096004
-1768021 -182658
-1768404 -117306
-1659267 -539492
-1911125 -521256
-1858749 -577602
-1761388 -436033
-1457294 -1221188
-1692709 -1037381
-1682526 -1070365
-1790419 -852417
-1892515 -188823
-1953863 -168554
-1932534 -578135
-1643606 -1049694
-1860141 -869204
-1605787 -1116213
-1724163 -343065
-1666222 -869194
-1714262 -983603
-1629327 -1004281
-1979075 -241755
-1597598 -1077990
-1844275 -295052
-1867614 -606987
-1730803 -247561
-1670824 -835117
-2029510 -218116
-1876811 -620800
-1950434 -535693
-1739123 -410756
-1847114 -212625
-1750476 -885168
-1900981 -141160
-1602527 -1064054
-1934007 -674107
-1806121 -961966
-1803713 -674754
-1639136 -706831
-1640870 -1061470
-1993107 -232287
-1830613 -471246
-1496509 -1174549
-1994242 -260257
-1862739 -239526
-2006105 -278932
-1808159 -298708
-1672631 -713785
-1805602 -668166
-1970577 -510049
-1853118 -700010
-1606715 -1083245
-1914351 -736337
-1916444 -521080
-1920382 -84731
-1952441 -270335
-1938979 -702953
-1929667 -377969
-1804611 -520175
-1658685 -1038804
-1821950 -368487
-1651937 -821361
-1716247 -480495
-1643987 -487567
-1897818 -438386
-1758840 -532175
-1746637 -370051
-1763777 -747589
-1803928 -340427
-1648108 -1087748
-1641982 -827750
-1829405 -474781
-1595180 -834695
-1903732 -156683
-1712423 -654476
-1949831 -200784
-1813379 -405859
-1546707 -1206485
-1901169 -113271
-1911844 -210352
-1967755 -334044
-1854482 -168188
-1430210 -1180825
-1542830 -1198418
-1656723 -1000700
-1758558 -839743
-1792144 -474703
-1925819 -365284
-1829680 -475094
-1956141 -98083
-1834884 -249743
-1606359 -887042
-1614990 -1010673
-1682454 -641093
-1761752 -621694
-1866775 -462533
-1892789 -185696
-1842290 -932090
-1656568 -1076538
-2001836 -177300
-1618866 -1043523
-1756434 -337392
-1591540 -1192474
-1791220 -414931
-1649890 -645851
-1978628 -401581
-2011507 -375778
-1746034 -219206
-1809028 -863080
-1688693 -285390
-1769827 -465839
-1634295 -1070019
-1749878 -452699
-1556194 -1211551
-1550025 -963510
-1677931 -1033409
-1683255 -952439
-1940577 -570274
-1953642 -515681
-1666442 -966551
-1787700 -959667
-1915817 -175828
-1860369 -119268
-1988218 -133807
-1805157 -289275
-1780046 -396303
-1932241 -677158
-1448309 -1182751
-1793859 -502141
-1933094 -675769
-1801012 -961540
-1840807 -469012
-1874566 -224817
-1706694 -1100105
-1559871 -1073694
-1642316 -906098
-1738367 -516863
-1666656 -765144
-1825669 -353442
-1890696 -619608
-1733892 -304744
-1946020 -177148
-1939740 -572827
-1969798 -498343
-1930536 -634613
-1886831 -140040
-1792506 -476823
-1957087 -530113
-1929657 -183375
-1960589 -343501
-1918533 -291136
-1696224 -521253
-1919612 -146612
-1674091 -964693
-1854677 -511100
-1724148 -782727
-1947085 -559696
-1949670 -337569
-1707725 -874268
-1954341 -516162
-1760791 -130257
-1774627 -550723
-1734944 -642706
-1917124 -672202
-1668956 -888149
-1619090 -1068549
-1769224 -153314
-1622995 -709408
-1880178 -111413
-1698023 -980782
-1930817 -240011
-1790354 -175511
-1840769 -670198
-1692813 -965663
-1954109 -430998
-1762549 -368206
-1547838 -1026315
-1761574 -355742
-1453727 -1090682
-1795782 -692834
-1758241 -600284
-1767973 -436615
-1742981 -510235
-1791921 -410088
-1630902 -735856
-1615569 -981504
-1643977 -1019201
-1750077 -436269
-1659580 -1051954
-1684771 -1011536
-1762352 -372496
-1776280 -560039
-1674961 -1016657
-1917809 -115034
-1878330 -602279
-1652237 -644798
-1624401 -1024967
-1663397 -703901
-1815568 -1010028
-1945314 -363450
-1772555 -366556
-1548808 -1031949
-1811811 -841506
-1793094 -347438
-1879699 -184646
-1560311 -1204725
-1673058 -741133
-1722004 -458612
-1880034 -635392
-1928492 -696268
-1645950 -1042739
-1661564 -1054936
-1502131 -803755
-1407540 -910643
-1419126 -1010777
-1656243 -133474
-1928447 -313415
-1410694 -952935
-1680828 -627522
-1528195 -1160402
-1638273 -711381
-1934535 -87112
-1763018 -428108
-1758710 -608352
-1639330 -908783
-1930951 -163073
-1831052 -772427
-1768284 -430150
-1830535 -237418
-1941818 -515159
-1559614 -1201341
-1995560 -418677
-1781351 -960223
-1864993 -104994
-1919297 -595997
-1725537 -445401
-1734136 -683270
-1818275 -898593
-1903473 -337802
-1912113 -304216
-1735919 -874666
-1858253 -190843
-1936476 -430004
-1843123 -473185
-1917111 -329717
-1857891 -161712
-1733460 -673161
-1828052 -294387
-1600591 -1060926
-1756835 -630905
-1669789 -1042447
-1850249 -597823
-1622767 -1071874
-1755628 -709631
-1602255 -1086387
-1649805 -1032451
-1527763 -782516
-1643298 -880596
-1931741 -619608
-1720518 -505151
-1660025 -829311
-1577019 -639802
-1947217 -425883
-1676054 -571850
-1701905 -477614
-1443571 -1088390
-1925880 -532110
-1961969 -205938
-1599596 -1217020
-1552003 -923419
-1763668 -388144
-1756778 -474305
-1862655 -100806
-1779388 -532918
-1873024 -825372
-1544595 -1149101
-1786699 -377654
-1786592 -889279
-1901140 -221630
-1600094 -744730
-1439465 -1118794
-1840789 -383233
-1859262 -82588
-1933285 -542569
-1732647 -715711
-1935932 -286294
-1962285 -190783
-1678639 -695902
-1658617 -1072491
-1803078 -366045
-1977175 -456962
-1685534 -985773
-1656468 -737956
-1939010 -685807
-1894567 -224142
-1681177 -1005179
-1676738 -686416
-1982085 -454574
-1747903 -450574
-1670034 -1005716
-1950978 -177844
-1973278 -251067
-1789945 -632094
-1804264 -571668
-1657520 -1063499
-1611576 -757793
-1835513 -201041
-1603308 -1182913
-1644699 -1038932
-1805994 -279767
-1660941 -1058613
-1589955 -1135663
-1684693 -1045048
-1743507 -954278
-1765400 -679075
-1734072 -1021579
-1703472 -780972
-1830128 -612309
-1778021 -432217
-1771871 -233206
-1905385 -788250
-1863540 -789185
-1709231 -938182
-1728185 -535262
-1958193 -566628
-1810942 -406797
-1759871 -417337
-1711255 -647230
-1443039 -1233288
-1854865 -98584
-2007390 -234427
-1931602 -534265
-1440956 -1236082
-1668691 -1017439
-1848472 -543092
-1732685 -704255
-1923341 -100665
-1924081 -540215
-1892274 -208050
-1653608 -646898
-1983935 -357904
-1770167 -347421
-1987099 -329997
-1898432 -571510
-1838771 -146918
-1759608 -742033
-1606142 -1063453
-1598146 -1096991
-1696322 -1010635
-1606180 -1197534
-1788088 -819831
-1756204 -410614
-1702101 -721971
-1897628 -144221
-1800297 -135696
-1683167 -668574
-1529605 -1093933
-1668965 -1019372
-1901718 -697739
-1749575 -624264
-1901971 -414833
-1944835 -360738
-1736436 -734086
-1655368 -1069308
-1756690 -320778
-1530122 -852220
-1773875 -441989
-1944821 -494462
-1509999 -789878
-1708160 -765650
-1584905 -1202669
-1482103 -991290
-1641126 -783902
-1914967 -615935
-1694128 -184998
-1937594 -681689
-1958296 -287924
-1687130 -1007559
-1660393 -1050891
-1675997 -963222
-1725381 -646563
-1669362 -1030076
-1588662 -652326
-1765441 -394554
-1903361 -198712
-1358087 -1237246
-1746736 -757362
-1831186 -464342
-1748849 -361616
-1517059 -979369
-1985029 -143103
-1581083 -1000872
-1860171 -658879
-1781803 -947013
-1830312 -472033
-1900994 -495842
-1928869 -409725
-1437176 -1183996
-1573148 -997003
-1901300 -725898
-1954977 -558849
-1972798 -304455
-1998344 -265657
-1841634 -99634
-1833784 -763585
-1924045 -306197
-1770041 -306367
-1799218 -484513
-1688110 -1007910
-1573545 -1033051
-1896352 -265474
-1752892 -426090
-1790680 -263996
-1520479 -1194412
-1572088 -1031901
-1687417 -1051629
-1537158 -1158348
-1736658 -844055
-1414783 -988278
-1540565 -1118909
-1660172 -838037
-1579243 -1033131
-1676296 -583781
-1905857 -495310
-1440227 -1225155
-1921398 -599287
-1924512 -514238
-1421683 -939543
-1785155 -323363
-1581488 -1031939
-1637216 -1009029
-1839275 -478232
-1798060 -466325
-1962447 -386451
-1840612 -458643
-1954544 -407511
-1644449 -1077698
-1800974 -732575
-1605555 -705730
-1731457 -656768
-1558106 -1051299
-1989681 -442883
-1655333 -548331
-1455600 -1219684
-1931212 -536469
-1662094 -665484
-1891190 -202205
-1717547 -739969
-2005851 -356577
-1744949 -755337
-1628109 -766354
-1700693 -600648
-1929598 -282493
-1734951 -503381
-1996683 -183380
-1932044 -323164
-1384036 -1224086
-1721534 -606196
-1814918 -442459
-1939992 -143175
-1902873 -306175
-1827196 -477359
-1619078 -794886
-1989811 -236083
-1743214 -459198
-1882366 -175873
-1695390 -463935
-1609621 -1185138
-1713339 -985716
-1749499 -710582
-1583419 -1041539
-1674748 -807421
-1921910 -120023
-1836116 -948783
-1529944 -1107713
-1992855 -282270
-1471662 -986784
-1885732 -625816
-1757968 -338019
-1668376 -969923
-1431743 -1206121
-1628380 -1041399
-1914792 -427586
-1956258 -512748
-1825591 -149668
-1875450 -625689
-1784737 -428158
-1663637 -752235
-1712752 -999039
-1738547 -711642
-2011205 -401386
-1758369 -434371
-1830986 -306097
-1949938 -460352
-1952312 -154768
-1724368 -783757
-1821105 -362017
-1859132 -96962
-1766195 -345474
-1542970 -1171946
-1716529 -212432
-1672382 -875196
-1685266 -690116
-1558361 -1041127
-1774073 -469301
-1902477 -126821
-1890446 -689586
-1705843 -591459
-1876710 -546969
-1944842 -228842
-1791664 -394377
-1893764 -109671
-2014545 -239736
-1726216 -244195
-1864906 -716631
-1646137 -1026100
-1774255 -381372
-1915213 -320485
-1664683 -533962
-1632291 -1063561
-1646994 -1046560
-1583937 -1099492
-1910082 -323665
-1736934 -566186
-1932522 -334427
-1773187 -625172
-1793718 -962683
-1659945 -746281
-1761509 -125740
-1641361 -1062818
-1851308 -219658
-1718408 -951725
-1659701 -1075828
-1681998 -971007
-1490901 -827136
-1954440 -261273
-1633733 -1101906
-1493045 -1127368
-1954000 -518519
-1659518 -136970
-1768625 -362027
-1844571 -580023
-1801255 -960240
-1930402 -526890
-1789805 -809717
-1746293 -710244
-1735997 -582175
-1534046 -1198388
-2004601 -305765
-1781623 -212821
-1779869 -865867
-1623529 -716274
-1537985 -1066752
-1795280 -260046
-1843418 -166539
-1912561 -657423
-1841667 -490167
-1619701 -1004641
-1673416 -1009179
-1669148 -1036735
-1650220 -1056325
-1911614 -618902
-1573637 -818003
-2002832 -202781
-1988451 -331609
-1642339 -1061375
-1912651 -268502
-1621429 -1039598
-1949300 -406265
-1787883 -335088
-1582172 -1213355
-1698951 -116394
-1759508 -910830
-1704718 -605102
-1690973 -658798
-1749158 -933770
-1948150 -537236
-1788341 -401454
-1875197 -174860
-1760413 -981367
-1663479 -797162
-1674682 -775822
-1992367 -264855
-1672500 -705448
-1847852 -924687
-1548747 -1196806
-1982888 -322445
-1739944 -412566
-1917270 -404115
-1703465 -330057
-1755972 -567491
-1432011 -1224027
-1631345 -691698
-1921295 -715226
-1970761 -369387
-1646218 -943339
-1674228 -735901
-1681645 -1069737
-1789023 -953657
-1832312 -359663
-1860435 -286137
-1985479 -372796
-1672742 -180803
-1677057 -574608
-1441969 -1232701
-1674107 -825162
-1828516 -154926
-1858845 -219990
-1534614 -1120158
-1933864 -525767
-1626161 -707232
-1633581 -880906
-1691417 -973426
-1552170 -1177319
-1707080 -337026
-1935719 -624540
-1695034 -1109297
-1745052 -471514
-1761663 -473316
-1916545 -517636
-1538701 -1224091
-1752256 -648585
-1869168 -786271
-1564582 -1212992
-1643870 -1064616
-1817106 -754327
-1979876 -206961
-1807284 -357520
-1617231 -1027572
-1667026 -500059
-1855892 -180089
-1971327 -205113
-1607811 -672428
-1682987 -799461
-1882491 -229581
-1755910 -689806
-1949683 -511758
-1948126 -142132
-1649730 -649675
-1600076 -1061097
-1675181 -585035
-1650931 -726511
-1653833 -1055985
-1780280 -547172
-1782482 -262112
-1563463 -1142293
-1920310 -379853
-1910490 -597201
-1823142 -460916
-1411745 -1032975
-1953354 -511951
-1829172 -199420
-1656451 -664249
-1888812 -617348
-1594023 -1183055
-1991991 -368023
-1761552 -307481
-1955170 -193339
-1820415 -358210
-1802309 -827989
-1738189 -702448
-1918016 -552100
-1643518 -993587
-1600787 -656157
-1897233 -191768
-1885200 -66650
-1828510 -586080
-1838426 -411826
-1447388 -1201737
-1603140 -941389
-1878182 -151893
-1569225 -665667
-2021192 -235842
-1844729 -676417
-1757563 -496790
-1740248 -342621
-1925580 -365029
-1917027 -350223
-1541460 -1106674
-1988602 -382745
-1848640 -613424
-1834223 -726402
-1661511 -822246
-1527835 -998094
-1989547 -240653
-1952063 -522841
-1973722 -233832
-1564029 -1159681
-1820929 -473650
-1866639 -143166
-1928466 -536295
-1997053 -376265
-1861708 -386258
-1488374 -1219082
-1796147 -166881
-1363179 -1161746
-1640410 -1039921
-1834525 -905117
-1703929 -651952
-1716414 -763927
-1381201 -1187121
-1820070 -910967
-1707861 -210479
-1829411 -478636
-2024785 -234966
-1923491 -469997
-1624542 -977076
-1928436 -687895
-1703704 -762465
-1862077 -941820
-1960587 -115336
-1599353 -1144912
-1892358 -563565
-1804203 -262009
-1897779 -125183
-1536821 -1090949
-1652854 -1016195
-1596712 -1043560
-1828039 -814592
-1869817 -991111
-1770361 -348012
-1494251 -1172376
-1627328 -1052618
-1483774 -1069999
-1786850 -350672
-1585531 -1196530
-1570925 -742300
-1828430 -583118
-1754995 -345187
-1907282 -57288
-1730382 -372971
-1989450 -155669
-1834558 -327724
-1929523 -456942
-1722580 -435064
-1761253 -543827
-1659375 -855222
-1571691 -806835
-1928998 -540468
-1912638 -87145
-1707922 -867551
-1670710 -891243
-1982461 -335622
-1627308 -1117754
-1675737 -1041393
-1900518 -293222
-1595812 -1055804
-1770899 -861337
-1841207 -611098
-1598234 -732010
-1664091 -215081
-1948806 -392878
-1713484 -606205
-1648922 -666850
-1695481 -1003664
-1752334 -972104
-1901158 -82206
-1868562 -524553
-1403726 -896644
-1668763 -1015809
-1919114 -630510
-1762182 -504267
-1646864 -160817
-1665706 -1063962
-1890003 -200667
-1766213 -971270
-1834786 -555241
-1670762 -233563
-1610038 -1062538
-1785483 -569070
-1755475 -406663
-1941657 -165053
-1709806 -672511
-1867951 -861831
-1671075 -234766
-1645092 -1027560
-1472727 -1083605
-1660960 -1037769
-1647893 -853768
-1671858 -1021931
-1764962 -435915
-1815016 -767504
-1923171 -557159
-1663578 -721000
-1907619 -118448
-1444313 -1176122
-1726952 -190020
-1579740 -1054448
-1843104 -370843
-1479401 -1122547
-1668147 -1053752
-1931740 -521939
-1639253 -1036725
-1923663 -271897
-1838612 -739395
-1742974 -292263
-1925690 -288811
-1537515 -1093392
-1692800 -1019247
-1781782 -215679
-1808395 -505585
-1652378 -1050167
-1395203 -924244
-1948821 -555374
-1499639 -1159433
-1571872 -1049261
-1657423 -853282
-1940051 -312910
-1928745 -274961
-1785662 -259292
-1829439 -937323
-1830971 -357159
-1739220 -274671
-1802016 -142294
-1879232 -222742
-1737121 -154492
-1807411 -924946
-1706795 -604696
-1453889 -1118695
-1703956 -606498
-1437952 -963839
-1574231 -1174931
-1900065 -514464
-1898986 -573645
-1809634 -391739
-1649617 -1061354
-1931100 -398325
-1873785 -491736
-1917794 -344342
-1455116 -1216231
-1824832 -869109
-1653612 -132509
-1604030 -720795
-1856423 -634968
-1726689 -305836
-1740901 -985712
-1761317 -985348
-1756575 -538956
-1795474 -770925
-1986376 -445204
-1604583 -1192036
-1795964 -323665
-1607668 -1199779
-1941892 -115106
-1790937 -204259
-1645411 -1066402
-1846453 -484066
-1552447 -826720
-1811427 -284221
-1788701 -421277
-1732652 -541477
-1886590 -232813
-1723536 -623650
-1844741 -547741
-1719069 -659159
-1744929 -746067
-1826923 -661713
-1769817 -364414
-1702682 -655406
-1719871 -743238
-1765496 -214593
-1767426 -361795
-1936632 -314355
-1899364 -498642
-1628028 -1115141
-2004875 -206360
-1932783 -637155
-1612090 -1062642
-1962418 -158817
-1659193 -665968
-1614062 -1044543
-1715664 -431932
-1673322 -1060114
-1842662 -479934
-1770275 -344114
-1514144 -1116686
-1931445 -524117
-1629259 -697224
-1757019 -531801
-1665548 -724139
-1675400 -1062885
-1580253 -1042828
-1456710 -1208410
-1913214 -536182
-1805990 -172106
-1488415 -808732
-1829853 -160565
-1791666 -628683
-1643250 -685454
-1820981 -736026
-1985210 -212802
-1740268 -447001
-1715658 -958289
-1915999 -711116
-1638118 -794892
-1905977 -87764
-1730429 -426231
-1963041 -187823
-1875124 -232297
-1561640 -818888
-1653544 -710242
-1963928 -222488
-1944025 -236909
-1827689 -177178
-1838094 -756449
-1946662 -163557
-1749798 -971266
-1900612 -500233
-1746676 -383132
-1689299 -1031586
-1640659 -813042
-1679535 -1027769
-1612787 -1023431
-1737621 -106837
-1736508 -251950
-1771764 -896975
-1881792 -823349
-1800494 -584171
-1673068 -1067982
-1652198 -823397
-1508886 -1084974
-2026081 -220545
-1819905 -579429
-1624047 -1080095
-1810206 -570426
-1706834 -508464
-1946289 -539950
-1841029 -618265
-1770232 -415782
-1550549 -1056935
-1908160 -678427
-1704537 -357988
-1744350 -534949
-1673760 -724719
-1709578 -655669
-1770032 -980477
-1884837 -619019
-1920710 -561831
-1843330 -369137
-1721001 -635850
-1953091 -515675
-1683087 -1053252
-1944408 -553314
-1788406 -912499
-1724925 -964478
-1810699 -255530
-1808123 -806262
-1554344 -1113876
-1788548 -814935
-2002523 -420039
-1791394 -946250
-1752843 -176758
-1836285 -812847
-1634079 -855793
-1828372 -88425
-1689784 -522882
-1971795 -246016
-1899901 -331020
-1552864 -1030018
-1684344 -750442
-1930379 -329441
-1801257 -426911
-1870996 -700529
-1768532 -417249
-1823125 -467188
-1824333 -815326
-1527502 -991825
-1687230 -1047873
-1948956 -461535
-1875545 -210196
-1939222 -371741
-1758997 -507958
-1749484 -184197
-1850417 -799213
-1673689 -575410
-1876458 -770242
-1942872 -562577
-1937345 -442040
-1979306 -179230
-1650757 -1075266
-1428788 -1219852
-1966364 -344441
-1806659 -274719
-1949446 -459037
-1512914 -1120890
-2014512 -396186
-1745027 -384776
-1861290 -911575
-1595266 -1198104
-1964022 -274482
-1972183 -307462
-1938727 -338857
-1744295 -526036
-1864626 -103316
-1849248 -74720
-1918901 -309101
-1941525 -449130
-1962903 -507251
-1695161 -662393
-1776849 -475258
-1469302 -1183810
-1736598 -107435
-1911393 -646519
-1830615 -266225
-1832825 -478245
-1735639 -441701
-1758484 -264908
-1661236 -632642
-1763526 -768030
-1542808 -952972
-1837752 -734111
-1878522 -420396
-1650910 -879094
-1963585 -132181
-1533539 -1222652
-1692837 -1042006
-1892794 -122588
-1992482 -303121
-1795796 -259713
-1688484 -968349
-1658715 -647779
-1658118 -544483
-1666432 -1004295
-1527090 -1050671
-1596382 -1011932
-1894682 -520315
-1965880 -192923
-1953070 -283262
-1781627 -283045
-1829655 -155090
-1723614 -907886
-1625632 -1081717
-1603852 -1203996
-1676270 -1042256
-1657388 -1043419
-1779257 -968414
-1948534 -558486
-1549594 -1191072
-1695676 -953793
-1970160 -448203
-1535746 -1158534
-1635658 -824658
-1865769 -425923
-1676795 -1038533
-1508845 -1053734
-1559800 -1140576
-1528715 -1208043
-1674824 -873597
-1659040 -1064749
-1821224 -647223
-1875991 -776159
-1648293 -1067550
-1944756 -116358
-1899053 -424070
-1784479 -903097
-1897494 -715802
-1883560 -551752
-1805022 -616552
-1431498 -1220987
-1873210 -527035
-1587160 -1047860
-1545388 -1055839
-1898212 -694560
-1910628 -139099
-1886730 -608906
-1514541 -1172002
-1808122 -396194
-1874270 -785631
-1861643 -535604
-1689331 -1053800
-1918196 -547637
-1690095 -542442
-1713534 -562706
-1662874 -1050635
-1642886 -618356
-1542400 -1184544
-2008413 -271269
-1956254 -91953
-1908586 -310986
-1670018 -1035184
-1840443 -479561
-2037637 -207370
-1918652 -486674
-1820775 -875851
-1905368 -599683
-1776750 -556301
-1798876 -364526
-1793229 -446170
-1922103 -374817
-1908723 -600640
-1736428 -450055
-1757488 -744494
-1912194 -295970
-1765814 -682486
-1892896 -272385
-1648485 -149021
-1661721 -1058728
-1899569 -497974
-1970990 -176345
-1993274 -223804
-1364225 -1238842
-1895641 -193851
-1915997 -606647
-1692100 -652349
-1659161 -1067695
-1950590 -386992
-1324545 -1094241
-1940473 -305722
-1969266 -340672
-1652155 -844282
-1787131 -515870
-1785817 -953595
-1737714 -572226
-1434875 -1236819
-1665221 -538745
-1837278 -740790
-1683239 -661359
-1799510 -378381
-1452282 -1221804
-1781292 -325161
-1748386 -706578
-1402670 -1051852
-1678041 -1042245
-1777890 -644749
-1689548 -693089
-1837799 -506141
-1547076 -771927
-1673155 -562623
-1577681 -1190663
-1664508 -537193
-1918425 -728096
-1933369 -682287
-1779821 -395881
-1829778 -465842
-1512657 -1105875
-1736219 -337980
-1914703 -260490
-1818554 -296788
-1945916 -566858
-1823512 -998983
-1757856 -418112
-1964621 -95329
-1766065 -108717
-1626569 -901576
-1967734 -148837
-1871389 -231481
-1698648 -640175
-1726849 -863755
-1724832 -500978
-1851063 -89566
-1685276 -711441
-1708965 -265108
-1765492 -552778
-1874881 -689509
-1937261 -270730
-1626846 -1076218
-1437379 -1179914
-1754959 -639996
-1684290 -1039662
-1747934 -725827
-1949744 -552600
-1780955 -814491
-1594714 -1162725
-1787156 -269552
-1740739 -172943
-1943697 -277737
-1572512 -1033359
-1954536 -530120
-1801754 -257517
-1988411 -134139
-1813048 -468049
-1729522 -431202
-1723838 -763060
-1552879 -1057029
-1784943 -963949
-1320448 -1088122
-1889626 -606138
-1837112 -246379
-1826584 -318939
-1700387 -981707
-1942309 -513472
-1667720 -999611
-1840851 -435798
-1758868 -129490
-1530839 -1197981
-1708686 -630816
-1950496 -241038
-1974005 -485922
-1701079 -242130
-2015151 -337451
-1909474 -130182
-1658676 -882559
-1900769 -324145
-1918021 -556609
-1783670 -941510
-1530055 -797719
-1741153 -159823
-1931419 -529414
-1878698 -186522
-1540232 -788751
-1906269 -558083
-1744273 -594928
-1786451 -461996
-1661848 -1051270
-1883825 -175516
-1875605 -436059
-1651349 -768828
-1649680 -1065102
-1584669 -632134
-1827190 -297912
-1991223 -177814
-1923446 -528818
-1749420 -865758
-1656969 -627399
-1751772 -286167
-1658416 -856041
-1772808 -398065
-1652334 -735788
-1685396 -213992
-1671955 -1055353
-1705771 -134351
-1674575 -1042788
-1813341 -959014
-1794929 -396827
-1763488 -543520
-1816821 -194102
-1968007 -299118
-1726779 -1024987
-1879192 -721151
-1717688 -486854
-1734316 -677484
-1833146 -527224
-1779236 -332782
-1441225 -1233652
-1949139 -557511
-1743812 -811582
-1675155 -183716
-1709223 -173259
-1471915 -1139336
-1821176 -222541
-1863064 -196629
-1543034 -1171556
-1918251 -110773
-1912494 -604798
-2006782 -197235
-1805367 -354236
-1627340 -956670
-1903872 -162809
-1387073 -1144673
-1731285 -520325
-1452780 -955043
-1655548 -1064243
-1937317 -169859
-1684129 -1052040
-1969471 -373815
-1830928 -276756
-1729215 -859640
-1748250 -386032
-1809458 -138766
-1628657 -722009
-1857584 -548868
-1831035 -352889
-1734858 -475750
-1906911 -112191
-1833163 -759297
-1596980 -1192337
-1808593 -791174
-1691074 -1048571
-1836332 -812260
-1605642 -714153
-1694763 -1062312
-2000214 -225604
-1664307 -894108
-1662570 -536793
-1872538 -509165
-1545130 -962781
-1720150 -497119
-1858483 -633787
-1816883 -310554
-1791298 -555444
-1680192 -1059174
-1575865 -1031560
-1663406 -1037488
-1677843 -208029
-1852470 -255504
-1955410 -446573
-1861796 -239695
-1868896 -329933
-1748146 -577503
-1650996 -878631
-1848124 -142155
-1707520 -950470
-1862493 -235424
-1859493 -840292
-1935077 -209642
-1635194 -997449
-1970992 -511643
-1754932 -103337
-1676480 -842783
-1677049 -675679
-1643836 -1072681
-1791287 -499758
-1927237 -610924
-1849397 -722587
-1902380 -296284
-1824322 -858420
-1778870 -437871
-1583985 -1094879
-1771351 -403935
-1770188 -315622
-1395360 -913559
-1785589 -630824
-1993126 -221831
-1649282 -1082219
-1741024 -584033
-1538576 -1111784
-1895315 -134413
-1644238 -927529
-1657359 -870551
-1652370 -546863
-1705701 -772815
-1949417 -237492
-1494904 -1161822
-1638584 -789456
-1940210 -274409
-1946343 -545065
-1546188 -1169892
-1937034 -284708
-1782719 -308663
-1698610 -1011674
-1765540 -625131
-1913966 -534010
-2004911 -259994
-1631497 -1073869
-1657246 -636248
-1638852 -1099174
-1966690 -276648
-1992217 -170535
-1769376 -454057
-1675821 -999623
-1306115 -1069761
-1677469 -1034777
-1756681 -203365
-1685449 -1003658
-1994053 -340631
-1349975 -1147901
-1832633 -949382
-1656902 -1071725
-1950390 -524893
-1767055 -434317
-1836634 -773736
-1941685 -62693
-1776259 -309994
-1659261 -1044212
-1684949 -1047555
-1818462 -656768
-1926071 -537699
-1707463 -998462
-1864179 -238505
-1913250 -555758
-1870160 -309490
-1681374 -1023214
-1721718 -707145
-2015655 -343867
-1836876 -336892
-2009306 -348042
-1860955 -412639
-2005336 -192462
-1905544 -650532
-1923062 -556029
-1992730 -233182
-1677590 -1040067
-1712496 -634938
-1810606 -243137
-1358366 -1079661
-1442416 -1207890
-1681876 -865109
-1704472 -713417
-1760812 -434545
-1708254 -876941
-1932416 -540230
-1755686 -560748
-1652834 -670909
-1627954 -1042312
-2003866 -296653
-1876665 -87997
-1795829 -775945
-1982792 -373974
-1798686 -362196
-1750121 -433982
-1862132 -180254
-1952812 -515559
-1619094 -716700
-1935795 -623425
-1975271 -445566
-1663185 -599252
-1749640 -561140
-1601386 -1204691
-1708784 -982565
-1690430 -750393
-1617380 -1132177
-1440750 -1236277
-1662826 -964217
-1856576 -334931
-1808349 -99984
-1922864 -264836
-1973095 -416179
-1604503 -626157
-1919998 -62616
-1625295 -1027620
-1808728 -345320
-1545737 -1058793
-1915549 -486987
-1904037 -755808
-1756309 -954021
-1664235 -852605
-1637247 -1058330
-1757651 -737756
-1952772 -571593
-1661417 -248288
-1773702 -275087
-1788938 -403096
-1685437 -1070135
-1935631 -413400
-1869623 -67982
-1682693 -1039097
-1793595 -951227
-1423252 -1043175
-1671205 -882916
-1602022 -968435
-1739665 -172167
-1971070 -67442
-1626018 -1078067
-1782208 -346048
-1858979 -225193
-1661992 -1033147
-1814496 -215864
-1811089 -318664
-1870963 -496942
-1774932 -394653
-1704085 -560378
-1526550 -1045456
-1674711 -895797
-1668218 -1033428
-1899151 -766100
-1921429 -553224
-1857082 -381948
-1943531 -157566
-1784349 -409439
-1760571 -951464
-1739255 -141521
-1769780 -376213
-1767838 -433088
-1705396 -367159
-1875875 -85924
-1702818 -597998
-1578941 -1035150
-1783788 -799451
-1783688 -373337
-1710239 -535303
-1938499 -474732
-1445009 -1211550
-1934203 -357223
-1654190 -749694
-1808351 -817312
-1776051 -945931
-1929236 -383688
-1689276 -842652
-1606739 -943780
-1837482 -810310
-1852038 -85458
-1809970 -286648
-1969552 -141867
-1717894 -555665
-1952576 -521631
-1896892 -276909
-1956356 -384779
-1703234 -709315
-1752052 -705462
-1744472 -730682
-1646800 -1041196
-1862078 -121952
-1709403 -994663
-1678258 -542102
-1837926 -420234
-1408085 -1240001
-1471280 -1223688
-1830184 -292705
-1739904 -342903
-1778950 -907064
-1722649 -671309
-1806295 -461472
-1480166 -905869
-1950345 -148428
-1673483 -889223
-1581900 -1217658
-1764819 -267282
-1820428 -606801
-1676174 -847139
-1905496 -420177
-1835997 -892314
-1494275 -1031394
-1534570 -1208028
-1946371 -553734
-1588356 -1030759
-1741059 -765577
-1648617 -557054
-1928403 -98464
-1940499 -370630
-1931148 -453836
-1862828 -97221
-1870337 -327885
-1785440 -200629
-1762853 -445759
-1968528 -501420
-1851215 -198565
-1811592 -359166
-1942079 -372410
-1860303 -530142
-1617712 -1042095
-1798521 -949250
-1910382 -597070
-1666703 -685256
-1833011 -414218
-1580867 -766059
-1856419 -732341
-1844839 -180956
-1940375 -519080
-1734557 -1021658
-1860424 -252272
-1884193 -785118
-1814573 -957729
-1934341 -252866
-1456000 -872890
-1764861 -471858
-1431803 -1229641
-1869511 -179666
-1796818 -963086
-1948176 -85746
-1549491 -856240
-1933759 -192232
-1929116 -123823
-1973581 -491056
-1740854 -601621
-1784030 -277090
-1572838 -1209889
-1869680 -199470
-1945732 -306040
-1624821 -734938
-1905775 -772698
-1455477 -1205378
-1898187 -124511
-1755211 -745206
-1838021 -186047
-1691110 -1066097
-1653582 -1038681
-1967468 -304178
-1723114 -456958
-1695980 -679467
-1629271 -1044178
-1834182 -618087
-1962980 -419262
-1587216 -1044787
-1924751 -532487
-1776321 -348855
-1794859 -458588
-1874236 -242872
-1809710 -961483
-1932230 -538412
-1900667 -147518
-1715212 -651892
-1795512 -469140
-1568155 -1154504
-1995540 -212597
-1742064 -980110
-1454346 -1079697
-1646878 -1043234
-1836429 -160297
-1653695 -1052411
-1930483 -580375
-1751779 -195305
-1671092 -1007667
-1694311 -697698
-1688223 -597134
-1982747 -464094
-1454870 -1081576
-1807374 -961505
-1862833 -662962
-1762571 -435344
-1676820 -635957
-1707879 -748561
-1939531 -567824
-1944119 -490784
-1672938 -269428
-1906765 -557562
-2003527 -175214
-1926752 -544151
-1397886 -1010732
-1871271 -96389
-1792946 -510235
-2007275 -277537
-1532543 -1197772
-1693025 -155660
-1787606 -929083
-1871191 -387777
-1429761 -986936
-1882561 -768117
-1910066 -617326
-1913374 -729055
-1793699 -729115
-2012361 -210486
-1932325 -523647
-1526635 -1143099
-1976470 -462569
-1793976 -634339
-1536426 -1089895
-1531060 -1108121
-1790857 -313443
-2014450 -391626
-1823859 -150220
-1744161 -892444
-1918353 -400998
-1666966 -773939
-1669471 -835361
-1718241 -738498
-1459192 -954934
-1868619 -621267
-1901507 -259788
-1750371 -365395
-1932612 -711130
-1798610 -561229
-1483499 -1072474
-1759354 -426612
-1652188 -1037119
-1808584 -507911
-1456096 -875140
-1784743 -247169
-1759362 -940242
-1938253 -606167
-1937192 -371870
-1975601 -438122
-1656627 -740780
-1970552 -62999
-1683293 -175302
-1751338 -519403
-1685563 -882013
-1509156 -1060376
-1950372 -80743
-1939295 -694347
-1587356 -1048071
-1775202 -532095
-1962256 -256330
-1787571 -563734
-1586626 -1178112
-1595761 -1079635
-1520730 -1227502
-1476411 -956199
-1713353 -679090
-1509747 -1094997
-1479751 -959132
-2089711 -1065667
-1432847 -1235184
-1625072 -788924
-1898150 -609412
-1672240 -1027480
-1646313 -642288
-1615970 -1012012
-1953478 -510786
-1970385 -394710
-1824634 -456953
-1869921 -859478
-1764279 -357670
-1943541 -338276
-1460785 -1221260
-1697723 -1015326
-1650465 -965897
-1630982 -894307
-1839786 -470378
-1672863 -585554
-1898684 -247060
-1951712 -549598
-1690208 -1036734
-1665857 -1037362
-1813079 -130350
-1698811 -677585
-1722077 -542333
-1962620 -515892
-1670436 -1066534
-1366239 -1111666
-1581673 -1051240
-1663685 -727144
-1695774 -1032961
-1530617 -1044987
-1520430 -1229633
-1640180 -858593
-1971852 -68081
-1767375 -364667
-1572952 -664499
-1827590 -765500
-1701806 -522925
-1533754 -849508
-1713724 -606945
-1903512 -84497
-1920704 -482263
-1753249 -971256
-1940122 -189501
-1680196 -673285
-1673719 -542904
-1570398 -1145863
-1851275 -542220
-1873479 -500961
-1794979 -549117
-1810954 -341695
-1696388 -139128
-1655015 -711621
-1650172 -983053
-1934999 -480430
-1797417 -352304
-1749384 -700145
-1657054 -1047096
-1699647 -548652
-1423043 -1199404
-1965782 -159492
-1602074 -1150054
-1820400 -349744
-1887700 -71338
-1900411 -779520
-1937137 -477828
-1916254 -639324
-1957355 -344151
-1659452 -1020195
-1634514 -1038757
-1715441 -624879
-1666367 -758537
-1661230 -1027746
-1973180 -117129
-1729777 -195129
-1909925 -289594
-1585116 -1176593
-1953447 -266306
-1910054 -748096
-1600793 -1026602
-1654500 -686142
-1719960 -995847
-1928897 -588799
-1942580 -316844
-1758340 -356713
-1910442 -128271
-1819459 -293801
-1654826 -1015512
-1698838 -1003163
-1714527 -1092915
-1763736 -460187
-1642444 -687228
-1609799 -1081430
-1986850 -408420
-1906868 -599341
-1607129 -1107986
-1676901 -1037339
-1790712 -514788
-1856246 -296543
-1993678 -221468
-1841441 -475983
-1722152 -160048
-2006455 -220769
-1801573 -272360
-1931391 -678771
-1988809 -334425
-1913198 -300085
-1670505 -607084
-1964301 -450273
-1616546 -717748
-1722699 -698591
-1905606 -447646
-1915521 -751622
-1956175 -520360
-1897587 -174508
-1933603 -678365
-1985088 -450629
-1670452 -1013949
-1796271 -784230
-1774105 -269797
-1770409 -358990
-1910106 -645290
-1832137 -207576
-1334322 -1077615
-1810508 -453393
-1701357 -721796
-1786268 -338347
-1740564 -504184
-1536821 -857970
-1913009 -203719
-1955281 -518351
-1936666 -292759
-1717720 -461283
-1927011 -164762
-1670549 -894895
-1601189 -1200638
-1964660 -449847
-1835252 -608318
-1743810 -527789
-1747429 -454380
-1582485 -1198407
-1998361 -167183
-1859719 -253440
-1698288 -910343
-1912345 -617675
-1604011 -1158981
-1502847 -1212897
-1723564 -461103
-1668140 -1017148
-1852671 -88875
-1701137 -328691
-1648581 -1054846
-1921252 -701137
-1577572 -1164275
-1606634 -1186574
-1746709 -290323
-1651041 -698195
-1643593 -678380
-1458604 -1133504
-1906645 -523969
-1584077 -1047776
-1759899 -623337
-1740862 -390046
-1436051 -1238233
-1847577 -891830
-1836675 -156054
-1620842 -1048062
-1764160 -269162
-1604987 -747137
-1992979 -216535
-1923921 -591128
-1547997 -1142789
-1646444 -1073478
-1751014 -635954
-1598421 -1165617
-1581071 -692943
-1782014 -467606
-1678472 -620017
-1915163 -439332
-1919191 -555482
-1593744 -1222368
-2003590 -194041
-1899558 -539112
-1674379 -807728
-1733122 -853731
-1857020 -101690
-1894951 -792670
-1745118 -993212
-1811729 -156490
-1757942 -541428
-1791231 -445633
-1650319 -1052890
-1974925 -374493
-1635902 -1035804
-1818599 -743979
-1913964 -272108
-1950045 -127686
-1671759 -1039041
-1472399 -457530
-1645730 -755558
-1720883 -616793
-1921172 -590495
-1700076 -549793
-1693772 -926505
-1799898 -619842
-1661999 -685075
-1930644 -634745
-1790988 -270614
-1742163 -393145
-1756095 -698443
-1886662 -544094
-1745887 -498332
-1781730 -813473
-1856707 -81383
-1927864 -541523
-1690208 -526196
-1644072 -654672
-1917341 -483296
-1743527 -987612
-1715967 -954093
-1919432 -487586
-1928699 -591527
-1693636 -993622
-1833303 -493321
-1947652 -378740
-1855994 -394818
-1679399 -540680
-1668299 -824548
-1657743 -1011805
-1916312 -196133
-1862106 -430820
-1578853 -1051888
-1834131 -720825
-1695888 -557513
-1916822 -555521
-1745115 -562748
-1647157 -881324
-1938552 -687571
-1668621 -933339
-1651691 -1028467
-1774538 -523998
-1754867 -372320
-1551024 -1036446
-1790477 -515362
-1754965 -428317
-1739533 -758901
-1796223 -441501
-1925347 -544830
-1583797 -1030953
-1769357 -421080
-1968082 -166806
-1941935 -407627
-1674377 -183241
-1901542 -100521
-1890460 -478526
-1951716 -185851
-1638876 -1073113
-1655238 -855359
-1928390 -537573
-1738408 -417510
-1467404 -1145341
-1721447 -466561
-1595175 -1060797
-1709084 -1012517
-1778873 -550605
-1754076 -409172
-1635014 -1070781
-1950638 -513233
-1704504 -608408
-1966707 -403842
-1720818 -208322
-1712392 -672626
-1719286 -668005
-1789094 -528542
-1641609 -751124
-1891311 -504487
-1857661 -850981
-1600425 -1026995
-1788834 -597775
-1943207 -324051
-1655440 -849794
-1971812 -299454
-1599310 -892772
-1548354 -1142435
-1903917 -394041
-1652939 -1050235
-1938184 -61412
-1730526 -778094
-1579969 -1011995
-1467701 -1218588
-1442897 -1147840
-1739355 -543809
-1674785 -1017614
-1761307 -350575
-1556646 -845345
-1915712 -480522
-1414278 -1013661
-1825381 -591543
-1805822 -449421
-1607298 -1063083
-2003833 -396135
-1577562 -1166575
-1685050 -1016509
-1928776 -492405
-1760014 -511031
-1701327 -411249
-1422061 -888758
-1908049 -299390
-1714936 -858649
-1782361 -357582
-1992679 -407460
-1919064 -85776
-1809472 -528666
-1868350 -469609
-1696127 -672965
-1772176 -124244
-1614608 -619700
-1716750 -631455
-1713055 -629891
-2003785 -296189
-1763388 -144580
-1699635 -397106
-1755405 -340712
-1767896 -491853
-1794212 -415751
-1656194 -532919
-1973870 -250662
-1934275 -137763
-1652057 -1038064
-1429587 -931874
-1517827 -1035327
-1634300 -1056403
-1914882 -603667
-1806671 -467989
-1669310 -617976
-1980085 -305967
-1664056 -701904
-1779794 -518874
-1646615 -1002751
-1849038 -197497
-1894950 -472266
-1707867 -229783
-2004571 -192241
-1971901 -320074
-1948791 -532700
-1410686 -1156335
-1939128 -685872
-1850805 -715532
-1624386 -1073267
-1594197 -1212708
-1829644 -1010929
-1652310 -1030325
-1697272 -963896
-1528166 -853984
-1827916 -645378
-1925251 -232327
-1845807 -546688
-1723617 -1028718
-1816469 -285331
-1806792 -944234
-1821784 -922403
-1847552 -184039
-1569019 -1196438
-1541229 -1102124
-1970821 -205460
-1898649 -428927
-1945890 -600132
-2014670 -359599
-1599826 -1057646
-1759169 -315533
-1577882 -1190307
-1812331 -386065
-1827018 -772420
-1712836 -435841
-1776702 -316825
-1940960 -148122
-1724884 -329182
-1988459 -315108
-1823911 -282233
-1657228 -652868
-1869039 -145586
-1742545 -121206
-1938117 -577852
-1677466 -855320
-1656821 -782956
-1530374 -1223459
-1494714 -818344
-1646004 -157058
-1998184 -305056
-1675836 -1068640
-1683831 -1067262
-1846235 -543524
-1939047 -291126
-1682520 -955742
-1670026 -730323
-1733885 -638303
-1885779 -160003
-1616867 -1072429
-1801651 -516194
-1897112 -144859
-2024967 -194561
-1858023 -600947
-1524535 -1181836
-1694460 -804821
-1598149 -1061942
-1677806 -512753
-1585978 -1201570
-1906450 -403506
-1612580 -793057
-1835003 -81737
-1454650 -1192611
-1937282 -681870
-1857541 -301608
-1847486 -94810
-1531210 -1111049
-1922916 -736274
-1734381 -655929
-1852207 -716645
-1380992 -1095497
-1793723 -280829
-1912956 -574451
-1729057 -592541
-1805378 -328512
-1798510 -446458
-1911138 -112660
-1713462 -303908
-1826226 -932692
-1806533 -630032
-1688056 -753523
-2016723 -214101
-1651890 -1022763
-1652049 -1060291
-1782041 -488962
-1934263 -479313
-1824317 -821556
-1817638 -200044
-1608362 -1194250
-1945571 -154938
-1444570 -1167920
-1569049 -1102577
-1695612 -505141
-1751687 -321764
-1570374 -1146026
-1735013 -977010
-1826870 -474617
-1668174 -991881
-1756865 -479891
-1905393 -597134
-1701223 -868873
-1703647 -1004458
-2000729 -400003
-1651311 -680294
-1916926 -141884
-1862435 -142690
-1910258 -577021
-1778520 -402773
-1819114 -308756
-1732392 -468653
-1708113 -1109250
-1817030 -463851
-1634622 -732761
-1628750 -1036359
-1939482 -685968
-1754414 -843598
-1784206 -421328
-1989671 -143210
-1992995 -439489
-1767654 -638926
-1728930 -631466
-1669919 -1059405
-1643295 -996451
-1852085 -127127
-1978593 -119871
-1997856 -170110
-1682304 -1043773
-1843232 -217724
-1760177 -498465
-1804288 -621575
-1799925 -832881
-1874419 -841838
-1706859 -564014
-1813439 -458436
-1930483 -545538
-1898977 -514890
-2003562 -302305
-1761352 -609964
-1655952 -1063902
-1804870 -234868
-1750765 -768152
-1824488 -323474
-1713477 -740456
-1795915 -626232
-1680181 -610720
-1783947 -641153
-1674460 -573282
-1598399 -1203067
-1674787 -1037457
-1586065 -1191669
-2000064 -249223
-1838104 -409563
-1414316 -1238883
-1758175 -358329
-1912860 -105419
-1680727 -524275
-1746958 -802488
-1622848 -1048898
-1731620 -540646
-1946302 -538430
-1720506 -565567
-1842039 -255086
-1813464 -557270
-1389501 -1235231
-1878062 -157828
-1651314 -1066139
-1754524 -373212
-1727432 -611814
-1893613 -521122
-1987242 -199780
-1552340 -1042420
-1668507 -1066292
-1920899 -375094
-1469362 -1080479
-1562011 -1023760
-1564767 -828125
-1948382 -499369
-1318959 -1036967
-1862844 -684475
-1994759 -436901
-1602241 -1119884
-1927343 -91818
-1746618 -208817
-1974832 -339850
-1757942 -391779
-1605188 -1106120
-1858750 -735359
-1995883 -355609
-1870976 -662882
-1973281 -338391
-1764033 -384325
-1972067 -356133
-1895790 -451817
-1922356 -223537
-1746653 -829116
-1774781 -951098
-1623149 -749692
-1464347 -1212441
-1838373 -411519
-1948398 -118155
-1778889 -437641
-1618223 -716737
-1957257 -347875
-1903336 -215094
-1800961 -628088
-1649820 -1082293
-1456764 -1225864
-1738379 -702051
-2003050 -223633
-1829908 -589534
-1575255 -1039384
-1653262 -768902
-1927960 -523376
-1584035 -1175995
-1910419 -323925
-1926524 -449193
-1666241 -686031
-1983683 -155186
-1837304 -215537
-1877050 -114532
-1646480 -711447
-1658286 -1027726
-1824361 -750297
-1773130 -550590
-1809557 -297073
-1644187 -1073427
-1603214 -1044403
-1857534 -350767
-1995617 -267488
-1630437 -1013463
-1718253 -1001690
-1734996 -363355
-1681240 -666607
-1668445 -1034865
-1533555 -1199365
-1753058 -500942
-1679998 -209083
-1720958 -613104
-1781442 -595101
-1763934 -437559
-1693345 -501541
-1939128 -397559
-1638749 -684544
-1957486 -308767
-1682646 -1034867
-1921592 -608182
-1814224 -457715
-1443262 -1208236
-1866357 -223817
-1773207 -185058
-1769217 -365438
-1831823 -90259
-1701107 -969560
-1862376 -125562
-1954586 -470151
-1666989 -1048850
-1760027 -985777
-1895065 -538822
-1834525 -747983
-1801477 -621458
-1784357 -456666
-1810789 -962273
-1881678 -823634
-1852338 -307637
-1665777 -174815
-1510266 -833542
-1952946 -64861
-1819215 -354025
-1814772 -270058
-1778639 -429296
-1765910 -249065
-1811333 -236840
-1833686 -211636
-1619847 -825848
-1914898 -701584
-1966073 -518791
-1938781 -316616
-1848159 -890376
-1444715 -1167046
-1942445 -534603
-1947008 -567006
-1766589 -679324
-1820240 -348531
-1626874 -791948
-1824081 -167261
-1787039 -783087
-1995342 -272157
-1804467 -367315
-1942251 -541496
-1925777 -342062
-1565257 -1134846
-1687574 -1047765
-1501020 -858412
-1760933 -890771
-1778630 -742932
-1684658 -1000319
-1690906 -1048513
-1817808 -378743
-1675516 -615363
-1531743 -968926
-1981144 -338964
-1868280 -991970
-1681363 -534750
-1901475 -727167
-1959809 -203495
-1759327 -359571
-1640920 -1099585
-1674024 -589837
-1846850 -999481
-1738630 -496283
-1755332 -610630
-1920475 -394904
-1614000 -864991
-1709177 -601631
-1722754 -472091
-1800521 -901678
-1851526 -890748
-1624617 -761360
-1654366 -664796
-1737560 -380725
-1705069 -605336
-1537417 -1096371
-1778642 -935519
-1741970 -821093
-1696679 -589044
-1847913 -699975
-1872016 -93348
-1511067 -1066828
-1983616 -358809
-1740380 -428098
-1737699 -194578
-1632998 -902447
-1821785 -366471
-1501321 -1183265
-1986536 -219790
-1878980 -191981
-1630278 -607460
-1610781 -722243
-1533599 -1202687
-1545990 -1048942
-1930062 -696970
-1617501 -1039455
-1922618 -551479
-1718900 -602112
-1814363 -705748
-1891897 -114831
-1946605 -570665
-1935707 -383136
-1769912 -365995
-1640749 -677951
-1814414 -772862
-1913771 -199051
-1833402 -683558
-1798167 -857065
-1689342 -546263
-1773420 -608193
-1674832 -1034219
-1620592 -1047704
-1739079 -597968
-1596221 -1050575
-1583487 -808601
-1949405 -591682
-1681852 -670731
-1933901 -174125
-1953178 -140186
-1647317 -1009462
-1628724 -1040472
-1747186 -484075
-1416622 -1159267
-1902895 -266028
-1816263 -394796
-1629471 -1116129
-1825385 -855668
-1620079 -811500
-1557559 -1066949
-1710778 -985759
-1673969 -1039947
-1618226 -1038890
-1825536 -776244
-1784479 -385888
-1879842 -538631
-1645373 -1056487
-1990200 -365793
-1799741 -358216
-1945314 -535254
-1920474 -210719
-1753638 -183052
-1998897 -308939
-1892722 -212716
-1505167 -1225448
-1587207 -646078
-1929943 -634872
-1728195 -708046
-1711186 -766402
-1734833 -550465
-1936899 -685286
-1903143 -180675
-1978667 -446852
-1607076 -1164114
-1664225 -1048316
-1440877 -1123238
-1755813 -237302
-1801072 -390122
-1763002 -113331
-1820992 -756867
-1911826 -154207
-1737269 -500081
-1753003 -284043
-1745139 -546110
-1662052 -1030508
-1526150 -996764
-1706031 -510675
-1708242 -971018
-1791328 -369649
-1740939 -1012771
-1696519 -1029216
-1685822 -1044418
-1753972 -250886
-1934358 -315337
-1900041 -499745
-1703664 -757160
-1664543 -747864
-1765930 -558622
-1949846 -368814
-1528396 -1185920
-1854736 -164522
-1913305 -576255
-1713474 -651736
-1686031 -655285
-1814364 -408845
-1610446 -1199647
-1897730 -62123
-1655889 -1028249
-1533864 -1081183
-1583966 -1031581
-1836882 -184460
-1767369 -419733
-1851590 -411065
-1819609 -378034
-1672021 -1022497
-1804406 -636657
-1812765 -564603
-1712223 -656756
-1877178 -389414
-1874635 -666348
-1756475 -406148
-1911165 -419398
-1405162 -983098
-1899150 -777638
-1810932 -426541
-1490632 -993800
-1843521 -736960
-1753855 -458096
-1603636 -839539
-1996244 -429402
-1902520 -408287
-1657488 -970462
-1931236 -299066
-1668110 -761919
-1388806 -1081014
-1915235 -572927
-1947784 -174442
-1518430 -1096212
-1828806 -474554
-1664954 -862817
-1908399 -664774
-1838087 -473308
-1488911 -830758
-1877027 -262883
-1920649 -468305
-1532371 -729126
-1870539 -860951
-1769572 -381952
-1741633 -525326
-1818873 -604990
-1455384 -1192443
-1793373 -412020
-1594345 -1057720
-1854526 -150593
-1757519 -451391
-1680910 -999886
-1957761 -300121
-1668363 -635048
-1546819 -1050224
-1703909 -884738
-1745591 -374684
-1813636 -364702
-1709292 -335567
-1667230 -821076
-1908598 -144928
-1712291 -745768
-1752313 -393200
-1689133 -1008220
-1825300 -292528
-1817270 -897660
-1507054 -1217049
-1951315 -107338
-1330440 -1034846
-1636873 -689836
-1591333 -1204195
-1967684 -392740
-1543402 -1182584
-1658076 -1056202
-1919499 -573017
-1773139 -1015866
-1887730 -306136
-1791347 -643738
-1876843 -601743
-1833170 -464779
-1911051 -138390
-1862994 -138187
-1804718 -638434
-1997218 -376508
-1678851 -695248
-1935060 -607816
-1802549 -621537
-1860735 -847712
-1856650 -821866
-1966742 -408042
-1654867 -892065
-1855946 -166088
-1823271 -750316
-1919699 -502285
-1640548 -1076008
-1752591 -224770
-1896376 -764422
-1959998 -511174
-1958548 -461071
-1688789 -367414
-1868279 -915696
-1968374 -210327
-1933933 -523684
-1749335 -227694
-1565778 -1039384
-1693981 -1027186
-1796087 -407514
-2014258 -380480
-1810545 -361990
-1780183 -944504
-1678031 -131852
-1581562 -909123
-1729718 -1001262
-1687071 -1006210
-1966772 -230221
-1981982 -336380
-1734281 -994663
-1965980 -513519
-1989143 -258832
-1918317 -240121
-1717173 -956578
-1922400 -608799
-1366772 -1119183
-1777751 -857491
-1815098 -210274
-1974263 -436825
-1924500 -675295
-1760082 -937752
-1835054 -102325
-1774585 -238242
-1851812 -839325
-1675829 -864706
-1863119 -837104
-1942887 -260940
-1747052 -530145
-1910801 -129724
-1833054 -190125
-1652245 -765322
-1730784 -670268
-1834203 -187605
-1746509 -385068
-1928723 -125306
-1968027 -447554
-1922756 -280295
-1619183 -1007502
-1681026 -845017
-2014749 -396148
-1738827 -565557
-1433730 -1221770
-1837329 -236273
-1918206 -709178
-1901626 -617640
-1892763 -197213
-1998949 -222862
-1770499 -201262
-1530199 -1103225
-1813098 -736443
-1531310 -1043494
-1753314 -719033
-1892123 -494665
-1843741 -438207
-1926779 -724325
-1680492 -568270
-1551037 -1038524
-1741492 -253889
-1906335 -678015
-1825189 -586205
-1842598 -554954
-1655148 -1026165
-1631732 -1092071
-1700020 -505470
-1944276 -438620
-1786539 -910783
-1709931 -286202
-1921767 -561250
-1913898 -247791
-1697833 -648339
-2012443 -399753
-1670941 -633583
-1949895 -198685
-1708235 -974191
-1864473 -647584
-1711793 -680228
-1690059 -349421
-1790299 -657789
-1806210 -869254
-1538945 -995589
-1645457 -647068
-1711875 -713254
-1989434 -226856
-1883004 -625579
-1935077 -465069
-1707567 -331068
-1906700 -507391
-1685424 -1002745
-1779595 -313001
-1661641 -1020221
-1553198 -965916
-1768010 -345159
-1443442 -1204159
-1861229 -173096
-1669937 -168040
-1969695 -367169
-1782978 -410440
-1622324 -1043229
-1595203 -1062495
-1739124 -328915
-1575741 -1055054
-1620348 -620172
-1902571 -250445
-1948984 -533162
-1945167 -250176
-1646630 -1068003
-1876396 -654268
-1920666 -625746
-1944666 -429164
-1963672 -477588
-1859809 -396128
-1937614 -616132
-1950928 -139433
-1807898 -285245
-1659584 -988932
-1768024 -387815
-1693107 -996180
-1789144 -444218
-1918591 -607969
-1647112 -1072323
-1763295 -349478
-1630141 -688318
-1441696 -1222002
-1945423 -540579
-1689797 -1009339
-1968841 -165925
-1772170 -595390
-1445340 -880235
-1954408 -572492
-1759912 -316977
-1527124 -958260
-1687976 -540592
-1673157 -718530
-1950437 -167402
-1745154 -301430
-1435497 -1101110
-1923670 -694640
-1997857 -411681
-1688877 -644892
-1688442 -601291
-1837184 -287392
-1688941 -1041827
-1968214 -46388
-1892075 -440846
-1946419 -543302
-1957252 -226657
-1653595 -898149
-1922006 -267127
-1879198 -387919
-1662223 -1044167
-1765650 -492266
-2002454 -420060
-1691586 -931885
-1962059 -327701
-1693295 -1017933
-1664717 -560708
-1937249 -374119
-1833365 -183993
-1883305 -628904
-2019758 -384655
-1740315 -792481
-1766428 -117331
-1985073 -296428
-1824727 -345385
-1761024 -538155
-1670627 -1066714
-1789535 -461002
-1545169 -1027457
-1595619 -1211631
-1874860 -829125
-1777000 -445288
-1848120 -590936
-1797955 -776792
-1704770 -595357
-1458541 -1118759
-1842805 -221560
-1924438 -615292
-1648671 -1069396
-1949566 -352569
-1925252 -683481
-1923580 -726722
-1585480 -1040038
-1727464 -554685
-1663606 -556094
-1671753 -1033125
-1722867 -458845
-1670366 -884596
-1604663 -740674
-1941303 -211472
-1890931 -428744
-1720882 -430944
-1794903 -274648
-1828003 -158983
-1732093 -943398
-1472183 -1218594
-1792861 -314581
-1944655 -537374
-1842975 -743979
-1623119 -1008018
-1875312 -216479
-1700617 -386135
-1653822 -1069010
-1718857 -635316
-1770906 -240936
-1947280 -379559
-1814405 -102129
-1723937 -737811
-1716322 -621985
-1739186 -441476
-1906873 -310957
-1600614 -1046781
-2002473 -174071
-1913987 -245625
-1834329 -403208
-1672770 -885196
-1893867 -772480
-1695930 -781332
-1646710 -663607
-1862591 -804815
-1807098 -929863
-1912990 -241246
-1817566 -223506
-1783983 -295968
-1836367 -228853
-1890436 -517382
-1507875 -903308
-1990544 -143985
-1722205 -553360
-1657886 -674543
-1669486 -731592
-1962799 -516003
-1595350 -1205233
-1776715 -610341
-1525841 -1148036
-1847136 -832962
-1781162 -551784
-1888178 -723417
-1650317 -1091664
-1768028 -571536
-1653012 -1082711
-1781204 -927464
-1845937 -707817
-1967059 -91320
-1969358 -430405
-1830300 -651684
-1607611 -1146101
-1830686 -472448
-1691121 -584255
-1941475 -570251
-1912764 -427573
-1934086 -86955
-1666289 -628784
-1643022 -578497
-1927557 -656816
-1584307 -1024188
-1744586 -633990
-1932636 -528205
-1877545 -108936
-1751040 -466248
-1703273 -422127
-1724424 -474843
-1924653 -598913
-1678148 -1017123
-1688312 -1058204
-1798007 -328139
-1625155 -1006190
-1915900 -434057
-1907128 -524997
-1679999 -543152
-1475017 -1117008
-1954852 -450774
-1787355 -472929
-1697299 -533255
-1775713 -496199
-1652495 -690070
-1551746 -1210580
-1854908 -397402
-1857224 -286549
-1909030 -70918
-1616460 -1045393
-1851902 -81185
-1931579 -602556
-1829498 -417059
-1855530 -163130
-1647470 -1028025
-1696142 -283949
-1692466 -727293
-1736323 -410475
-1721359 -314076
-1917492 -140319
-1508476 -835362
-1813970 -453251
-1924779 -541989
-1934720 -287295
-1822341 -576649
-1681571 -606947
-1754071 -702959
-1631713 -1002660
-1921651 -593326
-1952517 -515190
-1919012 -574181
-1726748 -414763
-1714898 -1157592
-1535774 -1200312
-1673654 -1008937
-1825507 -752086
-1863088 -165829
-1893945 -594016
-1879200 -562059
-1739247 -440178
-1596780 -1201698
-1518125 -1134207
-1574251 -1047919
-1809020 -652322
-1723686 -556063
-1834478 -564438
-1744550 -705436
-1713336 -539145
-1547462 -1180804
-1858635 -888297
-1920664 -608403
-1920085 -406779
-1668211 -1018842
-1759655 -820372
-1593672 -1073257
-1961532 -113387
-1774662 -537294
-1682163 -737495
-1711864 -949701
-1843770 -563733
-1707526 -569088
-1619149 -731576
-1603128 -1206443
-1785085 -887668
-1539921 -1111704
-1703930 -339523
-1834603 -735456
-1831001 -342297
-1921553 -227827
-1617091 -692445
-1624387 -1040104
-1920398 -510122
-1965305 -520075
-1742466 -706516
-1834065 -476147
-1547661 -965763
-1586528 -1172999
-1648504 -1040037
-1933231 -529362
-1611277 -1104500
-1914795 -316267
-1590524 -1210497
-1759666 -767818
-1917852 -133420
-1647030 -718060
-1662339 -1028769
-1860564 -774812
-1799611 -486658
-1646541 -1009473
-1775211 -928734
-1624570 -828482
-1901135 -650909
-1588806 -656072
-1937234 -160846
-1956804 -144333
-2006518 -339485
-1702990 -624467
-1925491 -598137
-1681331 -1068793
-1681925 -1003968
-1898112 -458109
-1729583 -727826
-1928013 -120770
-1510951 -1196607
-1635223 -1022864
-1763812 -444230
-1889185 -300971
-1804901 -1013726
-1997943 -368244
-1627993 -759462
-1693307 -675003
-1680090 -888650
-1922970 -407160
-1972788 -416236
-1837215 -530263
-1708035 -1028533
-1711859 -558356
-1970474 -430407
-1700551 -891637
-1809770 -337667
-1896464 -474718
-1909265 -294025
-1756500 -451235
-1656894 -1062686
-1950643 -570735
-1531548 -1097700
-1688620 -1034491
-2000221 -360557
-1785300 -791489
-1852954 -530527
-1827271 -371689
-1623227 -706879
-1821596 -751345
-1839435 -418605
-1663016 -1028367
-1759742 -433249
-1723812 -716524
-1853145 -311126
-1793643 -596425
-1816972 -281357
-1759376 -551246
-1989640 -142437
-1831821 -639181
-1927316 -635393
-1522441 -1188028
-1688269 -966369
-1599924 -1105104
-1576082 -1164325
-1788951 -406049
-1925339 -548764
-1888802 -292185
-1992105 -210059
-1673826 -974572
-1863083 -70282
-1708622 -419544
-1772755 -905012
-1721678 -395154
-1549006 -1202855
-1055353 -615391
-1595493 -1198782
-1626913 -1096945
-1838641 -306738
-1625032 -698975
-1926025 -519010
-1943150 -497547
-1695162 -703993
-1900086 -496381
-1665390 -614247
-1693710 -142850
-1700007 -497292
-1680239 -295215
-1618551 -1007858
-1688844 -988200
-1965939 -341160
-1929861 -580900
-1784425 -411861
-1797647 -811175
-1933854 -164615
-1894716 -697989
-1618021 -1058545
-1773918 -239484
-1921432 -481512
-1721691 -769365
-1930407 -317255
-2025655 -230460
-1837631 -381577
-1997843 -290593
-1944575 -406129
-1701243 -628777
-1833097 -458978
-1658402 -630821
-1939977 -57119
-1567360 -1038239
-1738459 -688252
-1702500 -366286
-1676136 -1026368
-1951376 -400232
-1707612 -332371
-1943228 -310756
-1972022 -468150
-1684864 -1043523
-1658477 -894208
-1725011 -649525
-1915237 -150733
-2021569 -234357
-1721669 -530127
-1600272 -1188765
-1535644 -1028789
-1631110 -779486
-1694253 -220868
-1522276 -1154711
-1784790 -119804
-1500760 -1032226
-1771013 -553656
-1729553 -396234
-1545763 -1053589
-1523606 -1091097
-1705063 -1008417
-1792467 -413222
-1609311 -857242
-1968974 -401145
-1707347 -329745
-1729565 -972964
-1679823 -990848
-1705732 -604060
-1768906 -495185
-1847463 -719401
-1705756 -169987
-1672711 -967123
-1544358 -1194155
-1893628 -569206
-1659852 -1016500
-1935467 -398441
-1629413 -726538
-1948893 -139688
-1840599 -481802
-1888015 -204319
-1714780 -240937
-1658565 -667132
-1648043 -1071175
-1876658 -637603
-1758592 -700704
-1726026 -652406
-1793108 -904554
-1560891 -1027270
-1734931 -506490
-1660508 -631921
-1708840 -649341
-1700160 -118585
-1754206 -389021
-1940780 -603474
-1954455 -270586
-1768130 -507496
-1936022 -494639
-1746047 -367507
-1718230 -578933
-1740624 -1015064
-1551950 -1197334
-1847207 -541371
-1722326 -786691
-1883599 -154669
-1779701 -489500
-1713183 -978267
-1909738 -581798
-1996965 -257906
-1676558 -837939
-1710827 -246745
-1892196 -181685
-1926225 -330085
-1659467 -184472
-1815406 -109644
-1756294 -621899
-1946899 -371218
-1822271 -615364
-1696365 -715459
-1561744 -870195
-1658956 -668027
-1757391 -351629
-1579417 -1046755
-1860731 -930096
-1513671 -1143884
-1697017 -1108955
-1822595 -288398
-1577061 -772841
-1656541 -1071203
-1944800 -115759
-1675096 -623747
-1781860 -957590
-1536907 -1096882
-1761927 -986412
-1784688 -259716
-1855597 -224497
-1901186 -564327
-1665960 -1040313
-1610399 -1198365
-1656722 -1034709
-1940981 -597040
-1716859 -1027017
-1622062 -610398
-1846186 -542091
-1632421 -994887
-1945333 -609661
-1904785 -137411
-1704178 -607498
-1918875 -719886
-1941640 -587546
-1513441 -1201810
-1927761 -695147
-1832800 -217473
-1460374 -1218263
-1679238 -537623
-1452611 -1200392
-1996947 -289399
-1850396 -852587
-1760177 -473695
-2009318 -394480
-1731558 -337608
-1721931 -630806
-1866120 -158254
-1540078 -1034131
-1713448 -1002369
-1819829 -454948
-1585247 -1193598
-1934285 -485861
-1934010 -259807
-1811501 -858870
-1890893 -540920
-1673989 -647358
-1560464 -1151271
-1937067 -440502
-1872883 -923063
-1670325 -1036761
-1696879 -757890
-1765233 -361372
-1686011 -239313
-1638566 -1072990
-1800488 -394489
-1816483 -903175
-1672862 -1010726
-1659775 -1037301
-1594715 -1034793
-1917237 -477646
-1701550 -970348
-1749675 -430152
-1686239 -769401
-1762279 -296197
-1667530 -693400
-1980484 -167340
-1761722 -330225
-1685305 -501774
-1909842 -524284
-1541112 -880265
-1903606 -516554
-1520894 -1151115
-1900247 -66415
-1820558 -279055
-1827207 -362431
-1717168 -278436
-1643025 -660003
-1919556 -678651
-1778699 -634026
-1904334 -516773
-1735409 -486880
-1644582 -695162
-1821182 -489390
-1948766 -542388
-1688663 -748738
-1964413 -138412
-1624715 -668387
-1700858 -969870
-1856929 -195200
-1802863 -503270
-1592395 -1025273
-1606364 -1171225
-1642942 -662693
-1807676 -538724
-1736711 -412108
-1676835 -1019977
-1962816 -341943
-1948111 -76543
-1619541 -758495
-1671177 -1021638
-2003332 -401474
-1610111 -637917
-1608396 -1079358
-1896465 -107252
-1924488 -280409
-1721655 -235198
-1702094 -771719
-1746406 -829875
-1595266 -1190138
-1849726 -737933
-1697688 -189344
-1711169 -479994
-2000824 -182078
-1616058 -608877
-1658105 -634552
-1896121 -451758
-1936193 -296495
-1944511 -445665
-1767781 -555465
-1611183 -1074133
-1715856 -502340
-1729040 -455247
-1451677 -919593
-1713909 -880939
-1995795 -211706
-1930590 -539640
-1541541 -1027595
-1941207 -315200
-1810157 -368337
-1849267 -743108
-1830464 -300854
-1968908 -84652
-1907999 -467533
-1761436 -124727
-1678262 -1044444
-1807363 -571800
-1801928 -370533
-1725963 -375316
-1545290 -1185417
-1681370 -1050878
-1599777 -1191890
-1901281 -538610
-1770472 -337923
-1846593 -195244
-1906179 -150413
-1970167 -373385
-1609134 -1142349
-1772193 -325768
-1899428 -737330
-1737319 -233635
-1920579 -285103
-1707541 -674901
-1912376 -517721
-1753821 -404650
-1553670 -1058097
-1889257 -644954
-1888689 -143230
-1645834 -908299
-1686366 -1034960
-1913145 -600310
-1911601 -532952
-1654206 -769672
-1826102 -366852
-1730815 -707225
-1782319 -291552
-1817200 -597473
-1709219 -967910
-1773835 -402999
-1717290 -475117
-1659789 -535701
-1860969 -83714
-1945353 -532565
-1841424 -525585
-1997897 -528815
-1589470 -656273
-1884621 -160663
-1590704 -1204228
-1890304 -134743
-1523652 -804713
-1652800 -1029902
-1627759 -1001236
-1782501 -467480
-1754786 -720430
-2004961 -290957
-1710529 -662519
-1860196 -559067
-1683313 -553620
-1523689 -1091867
-1925021 -222076
-1729980 -252275
-1689819 -802462
-1912830 -604224
-1995072 -225180
-1917565 -343664
-1581668 -1196779
-2009113 -179169
-1911196 -588482
-1546224 -791029
-1607257 -1061324
-1638817 -992995
-1673955 -1068515
-1873316 -714349
-1743708 -561595
-1937360 -358486
-1564032 -1207881
-1891161 -523174
-1531927 -1110969
-1669394 -966308
-1729533 -728061
-1586622 -1083583
-1808302 -778697
-1646625 -154560
-1660377 -1041629
-1697381 -862929
-1575610 -635576
-1853027 -865564
-1685736 -1048109
-1809397 -409169
-1938864 -247355
-1789543 -817945
-1566958 -1062664
-1941987 -314293
-1511551 -1073436
-1946625 -92343
-1962749 -478627
-1785307 -331751
-1649603 -132150
-1768247 -367041
-1451231 -1222312
-1628643 -1002468
-1701278 -507974
-1732451 -393573
-1732667 -248423
-1575749 -1057512
-1708867 -586066
-1984218 -131841
-1926965 -498944
-1648233 -686981
-1906796 -525958
-1898105 -563618
-1623259 -755063
-2008756 -228570
-1604949 -744829
-1442840 -1235987
-1849605 -873798
-1685284 -140896
-1664667 -612283
-1643747 -1040623
-1938309 -536046
-1808100 -444645
-1905372 -357182
-1807802 -448258
-1771311 -445827
-1782066 -324183
-1694486 -546711
-1964741 -248931
-1766518 -394371
-1893603 -178683
-1639815 -659119
-1834564 -940941
-1505023 -1227265
-1842899 -339984
-1635898 -741523
-1906337 -542640
-1788272 -375825
-1816095 -138558
-1596802 -1061845
-1650752 -617101
-1785060 -308844
-1661925 -721763
-1942169 -565351
-1673147 -774173
-1944099 -540787
-2019986 -384586
-2017867 -199236
-1831474 -814021
-1843892 -546295
-1661188 -750795
-1914754 -184743
-1761048 -366734
-1791772 -517786
-1604790 -1038925
-1696609 -801112
-1687476 -162434
-1677361 -280173
-1820894 -458587
-1935607 -478354
-1842816 -373467
-1733774 -962504
-1830837 -264195
-1604054 -789419
-1983559 -425484
-1430393 -1212948
-1928618 -470047
-1656196 -990689
-1849311 -152016
-1827015 -218275
-1835904 -304296
-1824421 -298347
-1714508 -474976
-1710480 -311022
-1693751 -629453
-1836350 -526701
-1916742 -506523
-1821519 -285242
-1553836 -1032941
-1943877 -448075
-1711256 -940257
-1524519 -1102087
-1767295 -435218
-1942534 -120121
-1754661 -374782
-1891477 -621263
-1662444 -1053543
-1843215 -591163
-1631790 -1113934
-1592626 -1208338
-1943959 -371255
-1918329 -519754
-1515499 -801127
-1565626 -1030049
-1844260 -738179
-1849105 -206664
-1620683 -1043358
-2011233 -178482
-1729717 -409365
-1940532 -58709
-1472917 -901696
-1618198 -658203
-1725885 -263077
-1959789 -602048
-1885914 -467107
-1537552 -827985
-1752257 -408004
-1953704 -519797
-1651960 -670920
-1633517 -880065
-1642944 -664951
-1717972 -1026195
-1848768 -228035
-1564653 -827801
-1730221 -539617
-1932789 -677010
-1846467 -117559
-1779288 -658148
-1942686 -266937
-1969308 -436376
-1888158 -688714
-1956147 -596225
-1623415 -728079
-1798655 -355223
-1908226 -530752
-1810452 -344535
-1645837 -1052910
-1994487 -183889
-1865804 -396355
-1838651 -198513
-1822035 -914756
-1608795 -798963
-1987172 -420383
-1985099 -430771
-1757173 -398300
-1759368 -365726
-1892486 -600260
-1833523 -631883
-1970894 -306154
-1548688 -1198139
-1684859 -1053366
-1844668 -536871
-1459763 -1214363
-1603105 -632700
-1844209 -725966
-1571363 -1032335
-1543258 -1190851
-1823791 -240963
-1669375 -647517
-1925793 -554536
-1694283 -855001
-1668656 -829641
-1534512 -969150
-1658446 -1017694
-1531918 -1160674
-1645904 -1060639
-1937892 -160454
-1587869 -1054369
-1933889 -541692
-1681722 -1045863
-1841072 -740688
-1353610 -1100174
-1946109 -540420
-1977377 -260179
-1989591 -380573
-1798913 -455410
-1818934 -860134
-1787339 -540755
-1913777 -329213
-1792294 -160421
